step,reward,grad_theta_J_norms,hypergradient_norms,final_product_norms,critic_loss
1,-0.6576576828956604,0.038501542061567307,0.038501542061567307,0.14895032346248627,0.07797045260667801
1001,-0.477477490901947,0.03797407075762749,0.03797406703233719,0.01429805625230074,0.07632646709680557
2001,-0.7837837934494019,0.05536431074142456,0.05536431074142456,0.2366575300693512,0.03923240676522255
3001,-0.6036036014556885,0.04081740230321884,0.04081740230321884,0.0249403715133667,0.05928358435630798
4001,-0.477477490901947,0.05724692344665527,0.05724692344665527,0.04102744162082672,0.06822066754102707
5001,-0.6576576828956604,0.05603015050292015,0.05603015050292015,0.03286433219909668,0.048585444688797
6001,-0.531531572341919,0.0340893380343914,0.0340893380343914,0.007867256179451942,0.060973573476076126
7001,-0.477477490901947,0.04368803650140762,0.04368803650140762,0.09432455152273178,0.06596869975328445
8001,-0.6576576828956604,0.04303126037120819,0.04303126037120819,0.001934593659825623,0.05710364133119583
9001,-0.6756756901741028,0.04648125171661377,0.04648125171661377,0.06624611467123032,0.056927818804979324
10001,-0.639639675617218,0.1008649542927742,0.1008649542927742,0.00969469454139471,0.061904314905405045
11001,-0.7297297716140747,0.04443730041384697,0.04443730041384697,0.00900695938616991,0.04651971533894539
12001,-0.6576576828956604,0.08115892857313156,0.08115892857313156,0.0027851893100887537,0.05577296391129494
13001,-0.6576576828956604,0.06500938534736633,0.06500938534736633,0.007655861787497997,0.05538599193096161
14001,-0.6216216087341309,0.03953259810805321,0.03953259810805321,0.0053796954452991486,0.06088590621948242
15001,-0.639639675617218,0.08657270669937134,0.08657271414995193,0.0020470130257308483,0.05391644686460495
16001,-0.5495495796203613,0.04858601093292236,0.04858601093292236,0.0034110965207219124,0.06765371561050415
17001,-0.5855855941772461,0.05262919142842293,0.05262919142842293,0.011999288573861122,0.07257385551929474
18001,-0.477477490901947,0.05222295597195625,0.05222295597195625,0.010215011425316334,0.06341104209423065
19001,-0.531531572341919,0.05123234912753105,0.05123234912753105,0.009625788778066635,0.07833448797464371
20001,-0.531531572341919,0.059517521411180496,0.059517521411180496,0.004351477604359388,0.07159576565027237
21001,-0.6216216087341309,0.06088141351938248,0.06088141351938248,0.006545784883201122,0.07663170248270035
22001,-0.5495495796203613,0.051450781524181366,0.051450781524181366,0.0011049790773540735,0.0735669732093811
23001,-0.6036036014556885,0.05441666021943092,0.054416656494140625,0.0014401732478290796,0.0661502406001091
24001,-0.6036036014556885,0.05321163684129715,0.05321164056658745,0.0007497132173739374,0.0696917250752449
25001,-0.6216216087341309,0.0707777589559555,0.0707777589559555,0.013640698045492172,0.0653567910194397
26001,-0.5675675868988037,0.05628069117665291,0.05628069117665291,0.0048300824128091335,0.059230778366327286
27001,-0.4954954981803894,0.0653805211186409,0.0653805211186409,0.008963699452579021,0.07648862153291702
28001,-0.4954954981803894,0.05718972161412239,0.05718972161412239,0.002466163830831647,0.0752088651061058
29001,-0.5135135054588318,0.06822729110717773,0.06822729110717773,0.0026888924185186625,0.07344743609428406
30001,-0.5135135054588318,0.06048828735947609,0.06048828735947609,0.004295103717595339,0.06725199520587921
31001,-0.5135135054588318,0.0951206386089325,0.0951206386089325,0.014731893315911293,0.07866028696298599
32001,-0.45945948362350464,0.07339584827423096,0.07339584827423096,0.03244424983859062,0.07167993485927582
33001,-0.38738739490509033,0.07594998180866241,0.07594998180866241,0.004340866580605507,0.07004454731941223
34001,-0.5135135054588318,0.10076835751533508,0.10076835751533508,0.008715551346540451,0.09306997805833817
35001,-0.5135135054588318,0.09924519062042236,0.09924519062042236,0.024541551247239113,0.07303331792354584
36001,-0.5495495796203613,0.0926109328866005,0.0926109328866005,0.01650226302444935,0.07351132482290268
37001,-0.44144144654273987,0.11467156559228897,0.11467156559228897,0.029213430359959602,0.08341371268033981
38001,-0.45945948362350464,0.11052744090557098,0.11052744835615158,0.018098410218954086,0.08250659704208374
39001,-0.5495495796203613,0.10156037658452988,0.10156037658452988,0.006160689052194357,0.08806394785642624
40001,-0.3513513505458832,0.08634522557258606,0.08634522557258606,0.004827950149774551,0.09027739614248276
41001,-0.5135135054588318,0.11883024126291275,0.11883024126291275,0.008768760599195957,0.07871875911951065
42001,-0.27927929162979126,0.10732541233301163,0.10732541233301163,0.001174162607640028,0.09324946254491806
43001,-0.5135135054588318,0.1150737851858139,0.1150737851858139,0.03749553859233856,0.07379822432994843
44001,-0.2432432472705841,0.1707477867603302,0.1707477867603302,0.07199849933385849,0.08436904102563858
45001,-0.2612612545490265,0.15129128098487854,0.15129128098487854,0.0028820675797760487,0.08633426576852798
46001,-0.22522522509098053,0.13817405700683594,0.13817405700683594,0.007336912676692009,0.08718208968639374
47001,-0.45945948362350464,0.15826068818569183,0.15826068818569183,0.03193691372871399,0.08376371115446091
48001,-0.27927929162979126,0.14995811879634857,0.14995810389518738,0.02465868927538395,0.08129193633794785
49001,-0.09909909963607788,0.13357195258140564,0.13357195258140564,0.0061670755967497826,0.09193075448274612
50001,-0.27927929162979126,0.1632261872291565,0.1632261872291565,0.007952103391289711,0.09604810923337936
51001,-0.27927929162979126,0.23654696345329285,0.23654696345329285,0.019728779792785645,0.09093349426984787
52001,-0.20720721781253815,0.1802997589111328,0.1802997589111328,0.041572410613298416,0.08517182618379593
53001,-0.13513514399528503,0.15414854884147644,0.15414854884147644,0.0149826155975461,0.08972030878067017
54001,-0.15315315127372742,0.1624830663204193,0.1624830663204193,0.024958185851573944,0.08053883165121078
55001,-0.009009009227156639,0.2007325440645218,0.2007325440645218,0.0343746580183506,0.09288148581981659
56001,-0.027027027681469917,0.18382380902767181,0.18382380902767181,0.08808884769678116,0.08421270549297333
57001,0.2612612545490265,0.1799684464931488,0.1799684464931488,0.08985008299350739,0.0986809954047203
58001,-0.11711712181568146,0.18298356235027313,0.18298356235027313,0.004360961727797985,0.06707075983285904
59001,-0.009009009227156639,0.2066718488931656,0.2066718488931656,0.08018752187490463,0.09320028126239777
60001,0.2432432472705841,0.20610368251800537,0.20610366761684418,0.06444987654685974,0.09181467443704605
61001,0.171171173453331,0.1990213245153427,0.1990213245153427,0.013326483778655529,0.07920978218317032
62001,0.27927929162979126,0.1881144642829895,0.1881144493818283,0.0029259289149194956,0.06484894454479218
63001,0.171171173453331,0.2774416506290436,0.2774416506290436,0.04949670657515526,0.06406790018081665
64001,0.20720721781253815,0.22723963856697083,0.22723963856697083,0.006986583117395639,0.07213129103183746
65001,0.20720721781253815,0.2493051141500473,0.2493051141500473,0.04822932183742523,0.07907919585704803
66001,0.29729729890823364,0.2586003243923187,0.2586003243923187,0.03737331181764603,0.06348805129528046
67001,0.15315315127372742,0.3525587022304535,0.3525587022304535,0.13875965774059296,0.07929609715938568
68001,0.2432432472705841,0.24420791864395142,0.24420791864395142,0.0795648992061615,0.06519729644060135
69001,0.531531572341919,0.3043505847454071,0.3043505847454071,1.646958827972412,0.05298275128006935
70001,0.3333333432674408,0.277050256729126,0.277050256729126,0.0932941809296608,0.06715942919254303
71001,0.29729729890823364,0.23986637592315674,0.23986637592315674,0.0016222904669120908,0.05850593000650406
72001,0.4234234392642975,0.26702332496643066,0.26702332496643066,0.09676459431648254,0.05807922035455704
73001,0.5495495796203613,0.27033400535583496,0.27033400535583496,0.07980886101722717,0.05165017768740654
74001,0.4954954981803894,0.2923849821090698,0.2923849821090698,0.0018150570103898644,0.04485853761434555
75001,0.4954954981803894,0.31953608989715576,0.31953608989715576,0.16247805953025818,0.04442371428012848
76001,0.5855855941772461,0.24695925414562225,0.24695925414562225,0.015559697523713112,0.04465930536389351
77001,0.5675675868988037,0.240529865026474,0.240529865026474,0.1306794285774231,0.05137575790286064
78001,0.6216216087341309,0.20993342995643616,0.20993342995643616,0.11479245871305466,0.0299194548279047
79001,0.6576576828956604,0.32436105608940125,0.32436105608940125,0.020310742780566216,0.047386422753334045
80001,0.5855855941772461,0.19940106570720673,0.19940106570720673,0.07966899126768112,0.0369691476225853
81001,0.7297297716140747,0.22053216397762299,0.22053216397762299,0.10599761456251144,0.023530445992946625
82001,0.6936936974525452,0.2023966908454895,0.2023966908454895,0.12908099591732025,0.03643798828125
83001,0.6756756901741028,0.23700253665447235,0.23700253665447235,0.06483274698257446,0.04114411771297455
84001,0.6576576828956604,0.3440682888031006,0.3440682888031006,0.08557146042585373,0.028440620750188828
85001,0.7657657861709595,0.2925861179828644,0.2925861179828644,0.018554849550127983,0.02082246169447899
86001,0.7117117047309875,0.20973534882068634,0.20973534882068634,0.036811742931604385,0.028865762054920197
87001,0.6216216087341309,0.2862427532672882,0.2862427532672882,0.020992830395698547,0.043016429990530014
88001,0.7837837934494019,0.23483508825302124,0.23483508825302124,0.011537796817719936,0.026375871151685715
89001,0.8018018007278442,0.2525146007537842,0.2525146007537842,0.03457072749733925,0.027699656784534454
90001,0.9099099040031433,0.33713865280151367,0.33713865280151367,0.12137334793806076,0.012483864091336727
91001,0.7477477788925171,0.2903624176979065,0.2903624176979065,0.035422857850790024,0.030516909435391426
92001,0.8558558821678162,0.20798638463020325,0.20798638463020325,0.039748433977365494,0.02244374342262745
93001,0.8018018007278442,0.3167637586593628,0.3167637586593628,0.05126182362437248,0.018638398498296738
94001,0.8378378748893738,0.2387136071920395,0.2387136071920395,0.0005134047823958099,0.022666744887828827
95001,0.7657657861709595,0.3951682150363922,0.3951682150363922,0.05583323538303375,0.02317175455391407
96001,0.8918918967247009,0.29725944995880127,0.29725944995880127,0.03925082087516785,0.010033802129328251
97001,0.9099099040031433,0.2703286409378052,0.2703286409378052,0.029660679399967194,0.02166198380291462
98001,0.9099099040031433,0.2664555013179779,0.2664555013179779,0.0325968973338604,0.011378740891814232
99001,0.9099099040031433,0.43665891885757446,0.43665891885757446,0.07706089317798615,0.013460293412208557
100001,0.8558558821678162,0.26888471841812134,0.26888471841812134,0.026953959837555885,0.020890068262815475
101001,0.9639639854431152,0.2077144831418991,0.2077144831418991,0.009997590444982052,0.0057402485981583595
102001,0.9279279708862305,0.2999642789363861,0.2999642789363861,0.011698751710355282,0.012439366430044174
103001,0.9459459781646729,0.28915297985076904,0.28915297985076904,0.002816865686327219,0.009363916702568531
104001,0.9639639854431152,0.21640856564044952,0.21640856564044952,0.017733020707964897,0.01121587585657835
105001,0.9639639854431152,0.18233053386211395,0.18233053386211395,0.0007095442852005363,0.0028706006705760956
106001,1.0,0.12282195687294006,0.12282195687294006,0.006654519122093916,0.0004911209107376635
107001,1.0,0.17069010436534882,0.17069010436534882,0.004272333346307278,0.002282611094415188
108001,0.9099099040031433,0.32156887650489807,0.32156887650489807,0.02503892406821251,0.01102515123784542
109001,1.0,0.2059735655784607,0.2059735655784607,0.009812646545469761,0.00018456956604495645
110001,0.9819819927215576,0.30061113834381104,0.30061113834381104,0.01673370786011219,0.003988873213529587
111001,0.9819819927215576,0.2623935341835022,0.2623935341835022,0.0016594765475019813,0.0021673052106052637
112001,1.0,0.27603551745414734,0.2760355472564697,0.014617064036428928,0.0003025538462679833
113001,1.0,0.14282460510730743,0.14282460510730743,0.004544476047158241,7.704920426476747e-05
114001,1.0,0.20664364099502563,0.20664364099502563,0.006172355730086565,4.104912295588292e-05
115001,1.0,0.25249525904655457,0.25249525904655457,0.0012853199150413275,7.77903405833058e-05
116001,1.0,0.266369104385376,0.266369104385376,0.004564783535897732,6.347395537886769e-05
117001,1.0,0.29772108793258667,0.29772108793258667,0.005562610924243927,3.1191859307000414e-05
118001,1.0,0.31453758478164673,0.31453758478164673,0.003169794101268053,4.8304329538950697e-05
119001,1.0,0.35942915081977844,0.35942918062210083,0.0022021932527422905,5.575475734076463e-05
120001,1.0,0.3377196192741394,0.3377196192741394,0.0036563044413924217,0.00010164995183004066
121001,1.0,0.6875872015953064,0.6875872015953064,0.019974883645772934,8.735919982427731e-05
122001,1.0,0.6188046336174011,0.6188046336174011,0.0003454498073551804,0.00011082180571975186
123001,0.9819819927215576,0.32298392057418823,0.32298392057418823,0.0024210631381720304,0.00048512950888834894
124001,0.9459459781646729,0.5877869725227356,0.5877869725227356,0.008129044435918331,0.007477726321667433
125001,1.0,0.4306357502937317,0.4306357502937317,0.061897821724414825,0.00018914499378297478
126001,0.9819819927215576,0.47841978073120117,0.47841978073120117,0.020702676847577095,0.006609543692320585
127001,1.0,0.1721070408821106,0.1721070408821106,0.0026859112549573183,0.00048737035831436515
128001,0.9819819927215576,0.3797653913497925,0.3797653913497925,0.017436424270272255,0.00271750264801085
129001,0.9819819927215576,0.12122859805822372,0.12122859805822372,0.00014269485836848617,0.0008451854228042066
130001,0.9819819927215576,0.42904263734817505,0.42904263734817505,0.010585660114884377,0.0021881500724703074
131001,0.9819819927215576,0.6454663872718811,0.6454663872718811,9.139212488662452e-05,0.004737652838230133
132001,0.9639639854431152,0.28553104400634766,0.28553104400634766,0.021387839689850807,0.0036928444169461727
133001,0.9459459781646729,0.39677509665489197,0.39677509665489197,0.0006227422272786498,0.010258481837809086
134001,0.9639639854431152,0.47448745369911194,0.47448745369911194,0.03228373825550079,0.00466379476711154
135001,0.9819819927215576,0.48644402623176575,0.48644402623176575,0.07951025664806366,0.0037007618229836226
136001,1.0,0.5199338793754578,0.5199338793754578,0.0017177787376567721,0.00044447905384004116
137001,1.0,0.5613558292388916,0.5613558292388916,0.050847917795181274,0.00018581989570520818
138001,1.0,0.3855229616165161,0.3855229616165161,0.005410509649664164,5.753703590016812e-05
139001,1.0,0.6249759793281555,0.6249759793281555,0.003948704805225134,0.00017762607603799552
140001,1.0,0.7006714344024658,0.7006714940071106,0.007221723906695843,9.985072392737493e-05
141001,1.0,0.4139944016933441,0.4139944314956665,0.004176491405814886,0.0013845881912857294
142001,1.0,0.44928568601608276,0.44928568601608276,0.03562594950199127,3.915050911018625e-05
143001,0.9819819927215576,0.4413469731807709,0.4413469731807709,0.0632588341832161,0.0038459221832454205
144001,1.0,0.11685699969530106,0.11685699969530106,1.5616607666015625,6.237482011783868e-05
145001,1.0,0.17649027705192566,0.17649027705192566,0.07927907258272171,3.076482971664518e-05
146001,1.0,0.2347276508808136,0.2347276508808136,0.012310774996876717,2.723907346080523e-05
147001,1.0,0.3119438588619232,0.31194382905960083,0.007089567370712757,2.2409232769859955e-05
148001,1.0,0.08384500443935394,0.08384500443935394,0.0009942976757884026,1.2190655070298817e-05
149001,1.0,0.1909959465265274,0.1909959465265274,0.008273002691566944,1.0118673344550189e-05
150001,1.0,0.2316073179244995,0.2316073179244995,0.003472099546343088,6.2261769926408306e-06
151001,1.0,0.261789470911026,0.261789470911026,0.001829476677812636,4.464561243366916e-06
152001,1.0,0.41582196950912476,0.41582196950912476,0.0010836246656253934,5.5004242312861606e-05
153001,1.0,0.2127479612827301,0.2127479612827301,0.00085700664203614,4.224318217893597e-06
154001,1.0,0.34372615814208984,0.34372615814208984,0.0014569023624062538,1.4804501915932633e-05
155001,1.0,0.17122764885425568,0.17122764885425568,7.008215470705181e-05,2.742444166869973e-06
156001,1.0,0.36738836765289307,0.36738836765289307,0.046857427805662155,0.00036142367753200233
157001,1.0,0.1595003604888916,0.1595003604888916,0.0009693230967968702,3.3818030260590604e-06
158001,1.0,0.22407081723213196,0.22407081723213196,0.0017754286527633667,9.006368600239512e-06
159001,1.0,0.22745902836322784,0.22745902836322784,0.0017509066965430975,1.0025941264757421e-05
160001,1.0,0.21049194037914276,0.21049192547798157,0.0026075830683112144,1.7175367474919767e-06
161001,1.0,0.3689594566822052,0.3689594566822052,0.0011262777261435986,1.1236201089559472e-06
162001,1.0,0.24821092188358307,0.24821092188358307,0.0014112826902419329,1.0624586366247968e-06
163001,1.0,0.12948694825172424,0.12948693335056305,0.0010487290564924479,1.0685745621685783e-07
164001,1.0,0.24024899303913116,0.24024899303913116,2.0341047274996527e-05,2.16615208046278e-05
165001,1.0,0.45839524269104004,0.45839521288871765,3.890679181495216e-06,5.729992835767916e-07
166001,1.0,0.34351542592048645,0.34351542592048645,0.0012256441405043006,5.130954150445177e-07
167001,1.0,0.2841215133666992,0.28412148356437683,0.0003317560185678303,4.696730968589691e-07
168001,0.9819819927215576,0.34385764598846436,0.34385764598846436,0.0011675243731588125,0.001520236604847014
169001,1.0,0.1267714649438858,0.126771479845047,0.0011066521983593702,1.0669172297639307e-05
170001,1.0,0.1791304051876068,0.1791304051876068,0.0004554756451398134,5.364823664422147e-06
171001,1.0,0.20012304186820984,0.20012304186820984,0.004796658176928759,5.475503712659702e-06
172001,1.0,0.0603179931640625,0.0603179931640625,0.0011440127855166793,2.488129894118174e-06
173001,1.0,0.09314034879207611,0.09314034879207611,0.002804126823320985,1.943938741533202e-06
174001,1.0,0.13078513741493225,0.13078513741493225,0.00032743680640123785,1.510663310000382e-06
175001,1.0,0.3709191381931305,0.3709191381931305,0.005135809071362019,2.5266592274419963e-05
176001,1.0,0.14962735772132874,0.14962735772132874,0.0001010654668789357,7.501399181819579e-07
177001,1.0,0.11068811267614365,0.11068811267614365,0.0039380998350679874,5.282975052978145e-06
178001,1.0,0.21625877916812897,0.21625877916812897,0.0004755975678563118,2.157032213290222e-06
179001,1.0,0.09945355355739594,0.09945355355739594,0.00020655505068134516,3.468707632237056e-07
180001,1.0,0.180194690823555,0.180194690823555,0.0008547489414922893,2.0027646030484902e-07
181001,1.0,0.27875417470932007,0.27875417470932007,0.000262249493971467,3.1884324016573373e-06
182001,1.0,0.3184499442577362,0.3184499442577362,0.0006916627753525972,2.936637599759706e-07
183001,1.0,0.09468385577201843,0.09468385577201843,6.1003640439594164e-05,9.913664200666972e-08
184001,1.0,0.1528218388557434,0.1528218388557434,0.00017084077990148216,1.7334292579107569e-06
185001,1.0,0.5228566527366638,0.5228566527366638,0.0005746658425778151,5.489990826390567e-07
186001,1.0,0.4694301187992096,0.4694301187992096,0.00035461646621115506,1.1059896678489167e-06
187001,1.0,0.49800199270248413,0.49800199270248413,0.0006911956588737667,6.65601646687719e-07
188001,1.0,0.3318480849266052,0.3318480849266052,0.000934291398152709,2.8191456635795475e-07
189001,0.9819819927215576,0.5439478754997253,0.5439478754997253,0.0007010995177552104,0.003811985021457076
190001,1.0,0.07708045840263367,0.07708045095205307,0.005526916589587927,1.6141848391271196e-05
191001,1.0,0.09002382308244705,0.09002382308244705,0.004287745337933302,3.788993853959255e-05
192001,1.0,0.18257169425487518,0.18257170915603638,0.004661686718463898,3.102817208855413e-05
193001,0.9819819927215576,0.1875864565372467,0.1875864565372467,0.0075503322295844555,0.0006346689769998193
194001,1.0,0.33084458112716675,0.33084458112716675,0.00696531729772687,4.463307777768932e-05
195001,0.9819819927215576,0.6665294766426086,0.6665294766426086,0.00022206109133549035,0.004205652046948671
196001,0.9819819927215576,0.1473291963338852,0.1473291963338852,0.011980939656496048,0.0018941012676805258
197001,0.9639639854431152,0.4535641074180603,0.4535641074180603,0.036397531628608704,0.0008989626076072454
198001,0.9819819927215576,0.1402260810136795,0.1402260810136795,0.0025044288486242294,0.001401590765453875
199001,0.9819819927215576,0.611575722694397,0.611575722694397,0.0045332093723118305,0.0035289537627249956
200001,1.0,0.044766616076231,0.044766616076231,0.008222809061408043,4.253732549841516e-05
201001,1.0,0.0327417217195034,0.0327417217195034,0.0137049350887537,9.663079981692135e-05
202001,1.0,0.15162882208824158,0.15162880718708038,0.0016441229963675141,8.591925143264234e-05
203001,1.0,0.16081862151622772,0.16081862151622772,0.005648044403642416,2.700241020647809e-05
204001,1.0,0.14250409603118896,0.14250409603118896,0.01377913262695074,4.161344622843899e-05
205001,1.0,0.07292750477790833,0.07292750477790833,0.0046470388770103455,2.2585552869713865e-05
206001,1.0,0.09832063317298889,0.09832063317298889,0.011821099556982517,1.6822215911815874e-05
207001,0.9819819927215576,0.6613897681236267,0.6613897681236267,0.011306814849376678,0.003279349999502301
208001,1.0,0.11147132515907288,0.11147132515907288,0.0021397066302597523,3.1122744985623285e-05
209001,1.0,0.09970680624246597,0.09970680624246597,0.020102037116885185,2.5585228286217898e-05
210001,1.0,0.13049651682376862,0.13049651682376862,0.007145697716623545,3.042224852833897e-05
211001,1.0,0.16158582270145416,0.16158582270145416,0.007788158021867275,2.55776885751402e-05
212001,1.0,0.08600541204214096,0.08600541204214096,0.0007679254049435258,2.616421988932416e-05
213001,1.0,0.1399795413017273,0.1399795413017273,9.465203766012564e-05,1.9954559320467524e-05
214001,1.0,0.29144591093063354,0.29144591093063354,0.0015253376914188266,4.671242641052231e-05
215001,1.0,0.14997598528862,0.14997598528862,0.00897119753062725,1.3395412679528818e-05
216001,1.0,0.1470126360654831,0.1470126211643219,0.001494101365096867,6.854865205241367e-06
217001,1.0,0.20154842734336853,0.20154842734336853,0.003116933861747384,5.31482919541304e-06
218001,1.0,0.24018283188343048,0.24018283188343048,0.0029258844442665577,1.0272447070747148e-05
219001,1.0,0.3011948764324188,0.3011948764324188,0.003113633254542947,7.183479283412453e-06
220001,1.0,0.41453883051872253,0.41453883051872253,0.007443960290402174,7.368443675659364e-06
221001,1.0,0.32614803314208984,0.32614803314208984,0.0022052775602787733,4.471640750125516e-06
222001,1.0,0.48070529103279114,0.48070529103279114,0.0012558293528854847,4.188359980616951e-06
223001,1.0,0.5299760103225708,0.5299760103225708,0.002883080393075943,3.515554226396489e-06
224001,1.0,0.4968937337398529,0.4968937039375305,0.0005463796551339328,2.1896391899645096e-06
225001,1.0,0.6198525428771973,0.619852602481842,0.002206863136962056,1.6544681784580462e-06
226001,1.0,0.38272544741630554,0.38272541761398315,0.0014656714629381895,3.1438978567166487e-06
227001,1.0,0.25609469413757324,0.25609469413757324,0.0018002947326749563,7.477043482140289e-07
228001,1.0,0.36439621448516846,0.36439621448516846,0.001104198396205902,7.796085697009403e-07
229001,1.0,0.10407236218452454,0.10407236218452454,0.0023410222493112087,2.520675479900092e-05
230001,1.0,0.17699919641017914,0.17699919641017914,0.0003430717915762216,1.5597732954120147e-06
231001,1.0,0.19431418180465698,0.19431418180465698,0.002899037441238761,8.354899364348967e-06
232001,1.0,0.32600975036621094,0.32600972056388855,0.0007714217063039541,4.396509666548809e-06
233001,0.9819819927215576,0.41654545068740845,0.41654548048973083,0.08548147231340408,0.0003034303954336792
234001,1.0,0.24226535856723785,0.24226535856723785,0.0057372478768229485,4.021446511615068e-05
235001,1.0,0.03680022805929184,0.03680022805929184,0.0005506525048986077,3.0293998861452565e-05
236001,1.0,0.12371967732906342,0.12371967732906342,0.010415246710181236,1.5259900465025567e-05
237001,1.0,0.2557114064693451,0.2557114064693451,0.012438506819307804,2.2021524273441173e-05
238001,1.0,0.5348599553108215,0.5348598957061768,0.16558893024921417,0.00014926167204976082
239001,1.0,0.2704923450946808,0.2704923152923584,0.0028225546702742577,2.1731271772296168e-05
240001,1.0,0.14113740622997284,0.14113740622997284,0.00012426055036485195,2.9714228730881587e-06
241001,1.0,0.3045063614845276,0.3045063614845276,0.004916592966765165,1.593184492776345e-06
242001,1.0,0.38465777039527893,0.38465777039527893,0.006006413605064154,4.1924286051653326e-06
243001,1.0,0.5439443588256836,0.5439443588256836,0.0018734342884272337,0.0025152077432721853
244001,1.0,0.19273076951503754,0.19273076951503754,0.008643807843327522,3.5467699490254745e-05
245001,1.0,0.05920476093888283,0.05920476093888283,0.0024921323638409376,2.9604692826978862e-05
246001,1.0,0.1870253086090088,0.1870253086090088,0.06770732253789902,2.3486558347940445e-05
247001,1.0,0.16148264706134796,0.16148264706134796,0.002363929059356451,1.0036776984634344e-05
248001,1.0,0.26461178064346313,0.26461178064346313,0.000808104348834604,5.130629233462969e-06
249001,1.0,0.3383454978466034,0.338345468044281,7.406696386169642e-05,4.988492491975194e-06
250001,0.9819819927215576,0.7081652283668518,0.7081652283668518,0.0002767600235529244,0.003831833600997925
251001,1.0,0.07877591997385025,0.07877591997385025,0.0011333409929648042,3.590021515265107e-05
252001,1.0,0.08804908394813538,0.08804908394813538,0.00807572528719902,1.8037162590189837e-05
253001,1.0,0.21928589046001434,0.21928589046001434,0.01399898249655962,4.39411960542202e-05
254001,1.0,0.2259616255760193,0.2259616255760193,0.0018493076786398888,1.0429809663037304e-05
255001,1.0,0.14204972982406616,0.14204972982406616,0.002028232906013727,1.897241781989578e-05
256001,0.9819819927215576,0.7515711188316345,0.7515711188316345,0.025743931531906128,0.003897375427186489
257001,1.0,0.08675503730773926,0.08675503730773926,0.00020161093561910093,3.495324563118629e-05
258001,1.0,0.1007971465587616,0.100797139108181,0.00044376039295457304,1.6324411262758076e-05
259001,1.0,0.13438592851161957,0.13438592851161957,0.0008343681111000478,1.149522631749278e-05
260001,1.0,0.18694260716438293,0.18694260716438293,0.002233093371614814,9.336688890471123e-06
261001,1.0,0.7166701555252075,0.7166701555252075,0.0005666685756295919,6.852474598417757e-06
262001,1.0,0.16169235110282898,0.16169235110282898,0.0010297569679096341,5.754250196332578e-06
263001,1.0,0.278964102268219,0.278964102268219,0.002725916914641857,4.720593551610364e-06
264001,1.0,0.15308701992034912,0.15308701992034912,0.0010494162561371922,3.7108468404767336e-06
265001,1.0,0.15684302151203156,0.15684302151203156,0.0006362730637192726,1.239615539816441e-05
266001,1.0,0.3513467609882355,0.3513467609882355,0.0008869201992638409,4.665027518058196e-06
267001,1.0,0.09509388357400894,0.09509389847517014,0.0005542553844861686,2.7172238787898095e-06
268001,1.0,0.4616783559322357,0.4616783559322357,0.00044478994095698,4.024190729978727e-06
269001,0.9819819927215576,0.7881551384925842,0.7881551384925842,0.1528806835412979,0.0038417705800384283
270001,1.0,0.18277592957019806,0.18277592957019806,0.004027512855827808,4.632035779650323e-05
271001,0.9639639854431152,1.121673345565796,1.121673345565796,0.05728274583816528,0.007382618263363838
272001,1.0,0.09143638610839844,0.09143638610839844,0.0010015605948865414,0.00022390755475498736
273001,1.0,0.1783568114042282,0.1783568114042282,0.023197950795292854,5.9487749240361154e-05
274001,1.0,0.3349798023700714,0.334979772567749,0.0035070697776973248,4.9155507440445945e-05
275001,1.0,0.3359910249710083,0.3359909951686859,0.00826617144048214,2.3213448002934456e-05
276001,1.0,0.27771878242492676,0.27771878242492676,0.004992334637790918,2.0568189938785508e-05
277001,1.0,0.09271685779094696,0.09271685779094696,0.003006148152053356,9.11309052753495e-06
278001,1.0,0.043417658656835556,0.043417658656835556,0.00042731681605800986,1.2333697668509558e-05
279001,0.9819819927215576,0.25227469205856323,0.25227469205856323,0.16524532437324524,0.00016907932877074927
280001,0.9819819927215576,0.47563955187797546,0.47563955187797546,0.026564575731754303,0.0038717377465218306
281001,1.0,0.6578763723373413,0.6578763723373413,0.018348312005400658,0.00011058924428652972
282001,1.0,0.2763787806034088,0.2763787806034088,0.003680556546896696,1.9122258891002275e-05
283001,1.0,0.2995613217353821,0.29956135153770447,0.0002836496278177947,1.2311585123825353e-05
284001,1.0,0.09504558891057968,0.09504558891057968,0.0002922702406067401,6.526554443553323e-06
285001,1.0,0.10223820060491562,0.10223820060491562,0.0008887778967618942,5.892186891287565e-06
286001,1.0,0.09606964886188507,0.09606964886188507,0.0006978224264457822,7.249356713145971e-06
287001,1.0,0.1741141974925995,0.1741141974925995,0.0013333347160369158,1.6253479770966806e-06
288001,1.0,0.2222294807434082,0.2222294807434082,0.0003545164072420448,5.559726560022682e-06
289001,1.0,0.20250721275806427,0.20250722765922546,0.000613164680544287,1.5751919590911712e-06
290001,1.0,0.3886876404285431,0.3886876404285431,0.0009982334449887276,2.2147085019241786e-06
291001,1.0,0.23249255120754242,0.23249255120754242,0.0013842107728123665,8.322912208313937e-07
292001,1.0,0.11539255827665329,0.11539255827665329,0.0005322995129972696,3.027292223123368e-06
293001,1.0,0.16894042491912842,0.16894042491912842,0.0009747773874551058,4.31667928069146e-07
294001,1.0,0.19757655262947083,0.19757655262947083,9.632112050894648e-05,3.403526704914839e-07
295001,1.0,0.3436489701271057,0.3436489999294281,0.0004252856888342649,5.82983261665504e-07
296001,1.0,0.15386945009231567,0.15386945009231567,4.100974911125377e-05,2.8243741212463647e-07
297001,1.0,0.07855004817247391,0.07855004817247391,3.2025977816374507e-06,2.3010339589291107e-07
298001,1.0,0.12450794875621796,0.12450795620679855,0.0001569748856127262,2.0100154074498278e-07
299001,1.0,0.1089114248752594,0.1089114248752594,0.00021074918913654983,1.2188438347493502e-07
300001,1.0,0.05833828076720238,0.05833828076720238,0.00018991967954207212,1.164494776162428e-07
301001,1.0,0.050022564828395844,0.05002256855368614,3.130910772597417e-05,8.448892430124033e-08
302001,1.0,0.36536145210266113,0.36536145210266113,0.0007104043033905327,1.578601995788631e-07
303001,1.0,0.3380422592163086,0.3380422592163086,0.0006730235181748867,7.453936490264823e-08
304001,1.0,0.29348224401474,0.29348224401474,9.390124614583328e-05,6.094686710866881e-08
305001,1.0,0.04583417996764183,0.04583417996764183,3.689843288157135e-05,8.012546715008284e-08
306001,1.0,0.14794029295444489,0.14794029295444489,9.591378329787403e-05,3.22953326303832e-08
307001,1.0,0.12436322122812271,0.12436322122812271,7.443782578775426e-06,2.6521968621295855e-08
308001,1.0,0.4916435182094574,0.4916435182094574,0.00021750922314822674,1.8065138362999278e-07
309001,1.0,0.2413405328989029,0.2413405179977417,0.0003118454187642783,5.407666208157025e-07
310001,1.0,0.2098352164030075,0.2098352164030075,3.6137542338110507e-05,1.2717000785755772e-08
311001,1.0,0.08600117266178131,0.08600117266178131,0.00012505051563493907,2.2469176741424235e-08
312001,1.0,0.4481106102466583,0.4481106102466583,0.00016862900520209223,4.536717312930705e-08
313001,1.0,0.14061422646045685,0.14061422646045685,6.535158263432095e-06,3.2253144155447444e-08
314001,1.0,0.49121424555778503,0.49121424555778503,5.780749052064493e-05,1.44135256618938e-07
315001,1.0,0.10031341761350632,0.10031341761350632,1.8460998035152443e-05,2.99993878627447e-08
316001,1.0,0.10919900238513947,0.10919900238513947,4.16686489188578e-05,1.0170317921165406e-08
317001,1.0,0.23164626955986023,0.23164626955986023,5.170199983695056e-06,3.2576673447692883e-07
318001,1.0,0.028122955933213234,0.028122957795858383,3.0981507279648213e-06,2.127530507323172e-08
319001,1.0,0.1207176074385643,0.1207176074385643,5.662475086865015e-05,1.8784488631240492e-08
320001,1.0,0.4755232632160187,0.4755232632160187,0.0007628471357747912,1.4104803369718866e-07
321001,1.0,0.06832881271839142,0.06832881271839142,4.4237051042728126e-05,2.7911458033713643e-08
322001,1.0,1.2084910869598389,1.2084910869598389,0.0004192142514511943,4.84499196318211e-07
323001,1.0,0.35851845145225525,0.35851845145225525,0.00033528407220728695,1.2514665570506622e-07
324001,1.0,0.7967500686645508,0.7967500686645508,0.0007250182097777724,2.7924815526603197e-07
325001,1.0,0.7130546569824219,0.7130546569824219,0.0007416227599605918,1.6505272526501358e-07
326001,1.0,0.47587981820106506,0.47587981820106506,0.0006858414853923023,3.551524940803574e-08
327001,0.9819819927215576,0.6606817245483398,0.6606817245483398,0.004692987538874149,0.0038626769091933966
328001,1.0,0.00731025030836463,0.00731025030836463,0.00013749656500294805,1.3341412341105752e-05
329001,1.0,0.02276853285729885,0.02276853285729885,0.00029074205667711794,2.528243749111425e-05
330001,1.0,0.04133910313248634,0.04133910313248634,0.013689287006855011,3.152650606352836e-05
331001,1.0,0.009249861352145672,0.009249861352145672,2.3212729502120055e-05,5.735672402806813e-06
332001,1.0,0.028411436825990677,0.028411436825990677,0.0009406813187524676,1.8862445358536206e-05
333001,1.0,0.04391937330365181,0.04391937330365181,0.0002367491106269881,8.408092071476858e-06
334001,1.0,0.01567906327545643,0.01567906327545643,7.472903234884143e-05,4.079216068930691e-06
335001,1.0,0.009695086628198624,0.009695086628198624,5.285979204927571e-05,3.614819434005767e-06
336001,1.0,0.08814200758934021,0.08814200758934021,1.895886452984996e-05,2.473213726261747e-06
337001,0.9819819927215576,0.7089183926582336,0.7089183926582336,0.038343846797943115,0.0038715358823537827
338001,1.0,0.012982066720724106,0.012982066720724106,0.0030867294408380985,2.0122652131249197e-05
339001,1.0,0.046593423932790756,0.046593423932790756,0.0013641035184264183,1.2147926099714823e-05
340001,1.0,0.02703004516661167,0.02703004516661167,0.0007934734458103776,1.463673197577009e-05
341001,1.0,0.0032392367720603943,0.0032392367720603943,7.875214942032471e-05,5.990405952616129e-06
342001,1.0,0.04786692559719086,0.04786692559719086,0.0007139550289139152,4.877565515926108e-06
343001,1.0,0.002775320317596197,0.002775320317596197,8.303727554448415e-06,7.21360584066133e-06
344001,1.0,0.013239065185189247,0.013239065185189247,8.44633614178747e-05,3.709697011800017e-06
345001,1.0,0.009226524271070957,0.009226524271070957,9.044224498211406e-06,1.0816568192240084e-06
346001,1.0,0.04687386378645897,0.04687386378645897,5.987228360027075e-05,1.4959588270357926e-06
347001,1.0,0.09389884769916534,0.09389884769916534,7.587946311105043e-05,1.093985588340729e-06
348001,1.0,0.10600976645946503,0.10600976645946503,1.8653568986337632e-05,3.9239614579855697e-07
349001,1.0,0.03513580560684204,0.03513580560684204,2.379277066211216e-05,2.291395446718525e-07
350001,1.0,0.2077578455209732,0.2077578455209732,0.00015519312000833452,2.30563060199529e-07
351001,1.0,0.07907769829034805,0.07907770574092865,6.17572950432077e-05,1.3131686671385978e-07
352001,1.0,0.11644314229488373,0.11644314974546432,0.0006086000939831138,9.356494956591632e-08
353001,1.0,0.02424735203385353,0.02424735203385353,2.1545213257923024e-06,7.074839913912001e-08
354001,1.0,0.01594759151339531,0.01594759151339531,9.018419405038003e-06,1.613357092367096e-08
355001,1.0,0.34521931409835815,0.34521931409835815,0.00020138040417805314,1.0655863036390656e-07
356001,1.0,0.46279627084732056,0.46279627084732056,0.00021718423522543162,5.140641405887436e-07
357001,1.0,0.6169549226760864,0.6169549226760864,0.0002400273224338889,1.9823207253466535e-07
358001,1.0,0.4345882534980774,0.4345882534980774,0.00015677057672291994,9.671281731016279e-08
359001,1.0,0.5681644082069397,0.5681644082069397,0.00035320420283824205,1.074604298878512e-07
360001,1.0,0.9669290781021118,0.9669290781021118,0.00015902254381217062,1.1067626815020049e-07
361001,0.9819819927215576,0.6728051900863647,0.6728051900863647,0.06767056882381439,0.003850395791232586
362001,1.0,0.08140461146831512,0.08140461146831512,0.0006311166798695922,2.5744335289346054e-05
363001,1.0,0.04823654145002365,0.04823654145002365,0.0001339922018814832,2.4188189854612574e-05
364001,1.0,0.05082601308822632,0.05082601681351662,0.005574773531407118,2.2125243049231358e-05
365001,0.9819819927215576,0.8705788850784302,0.8705788850784302,0.0031026038341224194,0.003900375450029969
366001,1.0,0.05657337233424187,0.05657337233424187,0.0008621955057606101,5.594884714810178e-05
367001,1.0,0.06983030587434769,0.06983030587434769,4.162730874668341e-06,3.060102244489826e-05
368001,0.9819819927215576,0.9236221313476562,0.9236221313476562,0.012123437598347664,0.003916834946721792
369001,1.0,0.11226002126932144,0.11226002126932144,0.0008618953288532794,4.29905740020331e-05
370001,0.9819819927215576,0.8915121555328369,0.8915121555328369,0.013511386699974537,0.003846357110887766
371001,1.0,0.08001872152090073,0.08001872152090073,0.0034910619724541903,6.60439400235191e-05
372001,0.9819819927215576,0.8232374787330627,0.8232374787330627,0.00640132324770093,0.002168737817555666
373001,0.9819819927215576,0.014122911728918552,0.014122912660241127,0.0002904039283748716,4.8788493586471304e-05
374001,1.0,0.1348942071199417,0.1348942071199417,0.00017454933549743146,1.4368101801665034e-05
375001,1.0,0.03505758196115494,0.03505758196115494,0.0008054288919083774,4.849756351177348e-06
376001,1.0,0.05316947028040886,0.05316947028040886,0.00024859324912540615,5.55459064344177e-06
377001,1.0,0.10393131524324417,0.10393131524324417,2.4949609723989852e-05,5.752827291871654e-06
378001,1.0,0.1475832164287567,0.1475832164287567,0.0024146377108991146,5.119603429193376e-06
379001,1.0,0.0765184536576271,0.0765184536576271,0.0003558473545126617,1.304104785049276e-06
380001,1.0,0.1567801833152771,0.1567801833152771,0.0009902754100039601,9.39337667205109e-07
381001,1.0,0.030263176187872887,0.030263176187872887,0.0004373225965537131,8.556908142054453e-07
382001,1.0,0.11466904729604721,0.11466905474662781,0.00016642321133986115,9.565744676365284e-07
383001,1.0,0.09625919163227081,0.09625919163227081,0.000377090647816658,8.545379728275293e-07
384001,1.0,0.1744634360074997,0.1744634360074997,0.0011061645345762372,5.595150014414685e-07
385001,1.0,0.26186710596084595,0.26186710596084595,0.0009259936632588506,2.393194336036686e-07
386001,1.0,0.1354210078716278,0.1354210078716278,0.0010459489421918988,1.8962968795221968e-07
387001,1.0,0.19559137523174286,0.19559137523174286,0.0008290814002975821,1.2276491645479837e-07
388001,1.0,0.01458438578993082,0.01458438578993082,8.77607089933008e-05,1.3646467778016813e-07
389001,1.0,0.03726755082607269,0.03726755082607269,3.0438166049862048e-06,8.486883729119654e-08
390001,1.0,0.44581571221351624,0.44581568241119385,0.0010421160841360688,3.302437505681155e-07
391001,1.0,0.13307695090770721,0.13307695090770721,9.717832290334627e-05,5.053787432984791e-08
392001,1.0,0.04774460569024086,0.04774460569024086,4.242294380674139e-05,4.7154880888911066e-08
393001,1.0,0.13661512732505798,0.1366151124238968,9.333836351288483e-05,3.366390899373073e-08
394001,1.0,0.02674145996570587,0.02674145996570587,1.3947186744189821e-05,3.990112773522014e-08
395001,1.0,0.31214457750320435,0.31214457750320435,0.0003330108884256333,5.707914496611011e-08
396001,1.0,0.040516916662454605,0.040516916662454605,7.925381396489684e-06,1.4706953876952866e-08
397001,0.9819819927215576,0.6442453265190125,0.6442453265190125,0.00541042722761631,0.003839588724076748
398001,1.0,0.033331021666526794,0.033331017941236496,0.0003115319414064288,4.802044713869691e-05
399001,1.0,0.03147612139582634,0.03147611767053604,0.00037254177732393146,3.5932334867538884e-05
400001,1.0,0.016291126608848572,0.016291126608848572,0.0004571302270051092,1.0028955330199096e-05
401001,1.0,0.014709237962961197,0.014709237962961197,0.00016811375098768622,7.980861482792534e-06
402001,1.0,0.0028803083114326,0.0028803085442632437,0.00014192701200954616,8.92360185389407e-06
403001,1.0,0.0365234836935997,0.0365234836935997,0.0003789340262301266,1.2964975212526042e-05
404001,1.0,0.00954632367938757,0.00954632367938757,0.00014006193669047207,5.164500635146396e-06
405001,1.0,0.015612325631082058,0.015612325631082058,6.697902426822111e-05,3.984962404501857e-06
406001,1.0,0.036969736218452454,0.036969736218452454,2.755480818450451e-05,3.269122544224956e-06
407001,1.0,0.2564723789691925,0.2564723789691925,0.0017289579845964909,3.5253322039352497e-06
408001,1.0,0.01319849956780672,0.01319849956780672,5.500209590536542e-05,2.368524292251095e-06
409001,1.0,0.004094740375876427,0.004094740841537714,1.3205093637225218e-05,1.3538307257476845e-06
410001,1.0,0.004877305123955011,0.004877305123955011,3.349859980517067e-05,6.88512670876662e-07
411001,1.0,0.010137834586203098,0.010137834586203098,2.2530846763402224e-05,3.360949278885528e-07
412001,1.0,0.013046354986727238,0.013046354986727238,2.099073026329279e-05,1.5518187979068898e-07
413001,1.0,0.010841848328709602,0.010841848328709602,3.509421367198229e-05,1.0422809992860493e-07
414001,1.0,0.19389842450618744,0.19389840960502625,0.00022806548804510385,9.386377541886759e-08
415001,1.0,0.23379351198673248,0.23379354178905487,0.00011761528003262356,7.181746042306258e-08
416001,1.0,0.26378875970840454,0.26378875970840454,0.0003362446732353419,6.744513569856281e-08
417001,1.0,0.050632696598768234,0.050632696598768234,7.601558081660187e-06,6.150999354304076e-08
418001,1.0,0.531826376914978,0.531826376914978,0.00010535621549934149,1.207014577175869e-07
419001,1.0,0.7393099665641785,0.7393099665641785,4.136208190175239e-06,7.698707804593141e-08
420001,1.0,1.1263021230697632,1.1263022422790527,0.00030600701575167477,1.0568494701601594e-07
421001,1.0,0.4574562907218933,0.4574562907218933,0.00015405105659738183,3.403750099550962e-07
422001,1.0,0.2878320813179016,0.2878320813179016,0.00023591367062181234,2.9736628448517877e-07
423001,1.0,0.17953956127166748,0.17953956127166748,4.20233809563797e-05,2.2892116646744398e-07
424001,1.0,0.3034505248069763,0.30345049500465393,0.00021816141088493168,2.099572498082125e-07
425001,1.0,0.45713913440704346,0.45713913440704346,5.536363460123539e-05,2.7778668254541117e-07
426001,1.0,0.4828997850418091,0.4828997850418091,4.782485120813362e-05,2.0326940841641772e-07
427001,1.0,0.6212495565414429,0.6212496161460876,0.0004979916848242283,6.989191660977667e-07
428001,1.0,0.5631685256958008,0.5631685256958008,0.0001006126549327746,3.2397278459939116e-07
429001,1.0,0.6552626490592957,0.6552625894546509,0.0003549945540726185,9.406267054146156e-07
430001,1.0,0.9371895790100098,0.937189519405365,0.0005811915616504848,1.0186757890551235e-06
431001,1.0,0.5516355037689209,0.5516355037689209,0.0008846614509820938,4.967376412423619e-07
432001,1.0,1.1792470216751099,1.1792470216751099,0.0006380992126651108,3.529863477069739e-07
433001,1.0,0.5208176970481873,0.5208176970481873,0.0022671078331768513,9.425993852119063e-08
434001,1.0,0.7791216373443604,0.7791216373443604,0.0002712899586185813,2.448614964123408e-07
435001,1.0,0.3960303068161011,0.3960303068161011,0.0005318016046658158,1.5258743246704398e-07
436001,1.0,0.45269036293029785,0.45269039273262024,0.0004330814117565751,1.7017056279655662e-06
437001,1.0,0.47117751836776733,0.47117751836776733,0.000680822238791734,1.5710725165263284e-06
438001,1.0,0.7156946063041687,0.7156945466995239,0.0006274901097640395,2.5684773845568998e-06
439001,1.0,0.8268077969551086,0.8268077969551086,0.0008345824317075312,2.21276241063606e-06
440001,1.0,1.05034339427948,1.05034339427948,0.0006564752548001707,2.556923391239252e-06
441001,1.0,0.8963054418563843,0.8963054418563843,9.934645640896633e-05,1.3748031051363796e-06
442001,1.0,0.5112771391868591,0.5112771391868591,0.000582358508836478,5.419245212578971e-07
443001,1.0,0.05222584679722786,0.05222584679722786,2.6324234568164684e-05,2.1276656525515136e-07
444001,1.0,0.058810312300920486,0.058810312300920486,1.155425616161665e-05,1.820148156639334e-07
445001,1.0,0.09296934306621552,0.09296934306621552,0.002915776800364256,2.393351314822212e-05
446001,0.9819819927215576,0.05070796608924866,0.05070796608924866,0.17612020671367645,5.1662249461514875e-05
447001,1.0,0.9642865061759949,0.9642865061759949,0.029502153396606445,1.1362627446942497e-05
448001,1.0,0.20750971138477325,0.20750972628593445,0.0030030298512429,2.749649684119504e-05
449001,0.9819819927215576,0.05953894555568695,0.05953894555568695,0.0008683126070536673,0.005274162627756596
450001,1.0,0.5219507813453674,0.5219507813453674,0.010022645816206932,4.5291075366549194e-05
451001,1.0,0.40194588899612427,0.40194588899612427,0.0002459152601659298,1.8103602997143753e-05
452001,1.0,0.14316138625144958,0.1431613713502884,0.0008679202874191105,7.122672741388669e-06
453001,1.0,0.14704027771949768,0.14704027771949768,0.0036006481386721134,9.948861588782165e-06
454001,1.0,0.1157321110367775,0.1157321110367775,0.005811855662614107,3.5306672998558497e-06
455001,1.0,0.07498025894165039,0.07498025894165039,0.0006933188997209072,3.918764377885964e-06
456001,1.0,0.11077100783586502,0.11077100783586502,0.0034822048619389534,1.0957758149743313e-06
457001,1.0,0.15857908129692078,0.15857908129692078,0.0008196696289815009,8.473077741655288e-07
458001,1.0,0.04997168481349945,0.04997168481349945,0.001164129702374339,7.056868867039157e-07
459001,1.0,0.04245457053184509,0.04245457053184509,0.0002637829747982323,3.195854390014574e-07
460001,1.0,0.1487724930047989,0.1487724930047989,0.0005654589040204883,1.2106733038308448e-07
461001,1.0,0.013865731656551361,0.013865731656551361,0.00011969869228778407,7.461162709887503e-08
462001,1.0,0.27235597372055054,0.27235594391822815,0.0005286259111016989,1.3935455456248746e-07
463001,1.0,0.03759297356009483,0.03759297356009483,1.6426571392003098e-06,6.317637968322742e-08
464001,1.0,0.04843410477042198,0.04843410477042198,1.3216387742431834e-05,2.9041858695677547e-08
465001,1.0,0.006244831718504429,0.006244831718504429,6.291072168096434e-06,3.238552537254691e-08
466001,1.0,0.00336602795869112,0.00336602795869112,2.4917928840295644e-06,6.585468614872525e-09
467001,1.0,0.04415551573038101,0.04415551573038101,1.3192115147830918e-05,7.019647085826364e-08
468001,1.0,0.00408628024160862,0.00408628024160862,1.9433141460467596e-06,3.04853870147781e-07
469001,1.0,0.020664121955633163,0.020664121955633163,5.100201292407291e-07,2.204354743184922e-08
470001,1.0,0.3325156271457672,0.3325155973434448,0.00015634470037184656,1.9204752277346415e-07
471001,1.0,0.260466068983078,0.2604660987854004,9.661024523666129e-05,5.808796643691494e-08
472001,1.0,0.0073285480029881,0.007328547537326813,5.5324198910966516e-06,1.461623782006427e-07
473001,1.0,0.2545052170753479,0.2545052170753479,7.434536382788792e-05,6.716270917195288e-08
474001,1.0,0.019607452675700188,0.019607452675700188,8.358557352039497e-06,2.1514805936817538e-08
475001,1.0,0.44463175535202026,0.44463178515434265,3.873678360832855e-05,2.114557418053664e-08
476001,1.0,0.4907782971858978,0.4907782971858978,0.00018911922234110534,2.3774241242335847e-07
477001,1.0,0.00905377697199583,0.00905377697199583,1.7218684433828457e-06,7.526977263694334e-09
478001,0.9819819927215576,0.47242334485054016,0.47242334485054016,0.002262559486553073,0.0038330485112965107
479001,1.0,0.01224412303417921,0.01224412303417921,3.089896563324146e-05,1.4564531738869846e-05
480001,1.0,0.047836534678936005,0.047836534678936005,0.0005714804283343256,3.6997789720771834e-05
481001,1.0,0.03545340895652771,0.03545340895652771,0.0011945803416892886,2.3519316528108902e-05
482001,1.0,0.12312651425600052,0.12312651425600052,0.0013082653749734163,2.1475216271937825e-05
483001,0.9819819927215576,0.06504436582326889,0.06504436582326889,0.023319464176893234,0.000124967162264511
484001,1.0,0.07556658238172531,0.07556658238172531,0.0001626816374482587,3.231197115383111e-05
485001,1.0,0.04002002254128456,0.04002002254128456,0.0003953652048949152,6.706100521114422e-06
486001,1.0,0.4727816581726074,0.4727816581726074,0.0004000773769803345,6.895496881043073e-06
487001,1.0,0.26503661274909973,0.26503661274909973,0.0008585237665101886,3.41067402587214e-06
488001,1.0,0.07873950153589249,0.07873950153589249,0.00043897665455006063,1.916787596201175e-06
489001,1.0,0.3808688223361969,0.3808688223361969,0.001004306715913117,2.366167564105126e-06
490001,1.0,0.08984814584255219,0.08984814584255219,8.05487870820798e-05,7.55777591621154e-07
491001,1.0,0.08667182922363281,0.08667183667421341,0.0009697822970338166,2.3169917540144525e-07
492001,1.0,0.055691443383693695,0.055691443383693695,4.465417441679165e-05,9.730138117447495e-08
493001,1.0,0.06671738624572754,0.06671738624572754,0.00012331845937296748,8.053616795677954e-08
494001,1.0,0.6928204298019409,0.6928204894065857,0.0002882699482142925,1.1920251381525304e-06
495001,1.0,0.045299507677555084,0.045299507677555084,1.8090757293975912e-05,7.042031313631014e-08
496001,1.0,0.07425037026405334,0.07425037026405334,7.125467527657747e-05,5.643581957315291e-08
497001,1.0,0.8837399482727051,0.8837398886680603,0.00028376374393701553,5.7314164223498665e-06
498001,1.0,0.06812535971403122,0.06812535971403122,0.0001843423960963264,1.0300822594899728e-07
499001,1.0,0.03001924231648445,0.03001924231648445,8.047803021327127e-06,2.2564670132396714e-08
500001,1.0,0.11919661611318588,0.11919661611318588,6.587119423784316e-05,6.118897832863013e-09
501001,1.0,0.08213967084884644,0.08213966339826584,5.289424734655768e-06,7.836123749882518e-09
502001,1.0,0.1551763117313385,0.1551763117313385,5.5396514653693885e-05,3.7833793875563515e-09
503001,1.0,0.0571708157658577,0.0571708157658577,6.126776241899279e-08,1.680759353916983e-08
504001,1.0,0.12123230844736099,0.12123231589794159,3.859972366626607e-06,1.3032681600577689e-08
505001,1.0,0.10882880538702011,0.10882880538702011,4.9038721044780686e-05,2.900687690043924e-09
506001,1.0,0.10059494525194168,0.10059494525194168,2.295827289344743e-05,1.9977127507786463e-08
507001,1.0,0.06111378222703934,0.06111378222703934,1.9644743588287383e-05,8.60640003708113e-09
508001,1.0,0.1072959378361702,0.1072959378361702,1.7221844245796092e-05,2.4275294663311797e-08
509001,1.0,0.11282073706388474,0.11282073706388474,1.5411858839797787e-05,9.595707339826731e-09
510001,1.0,0.0420239232480526,0.0420239232480526,1.1418412213970441e-05,1.5439279366091796e-07
511001,1.0,0.07517562061548233,0.07517562061548233,3.3990354495472275e-06,6.301363697502893e-08
512001,1.0,0.017071586102247238,0.017071586102247238,3.0053304271859815e-06,1.2716523833944393e-08
513001,1.0,0.06793146580457687,0.06793146580457687,2.2979288587521296e-06,1.5281552023793665e-08
514001,1.0,0.021618634462356567,0.021618634462356567,2.6045249796879943e-06,2.7584530215563063e-08
515001,1.0,0.03847602754831314,0.03847602754831314,2.884132072722423e-06,8.212993840572835e-09
516001,1.0,0.1310996562242508,0.1310996562242508,2.1854340957361273e-05,1.3110124541526602e-07
517001,1.0,0.08438509702682495,0.08438509702682495,1.2167381100880448e-05,1.323452991641716e-08
518001,1.0,0.03907497227191925,0.03907497599720955,1.9211129256291315e-05,1.501494892863775e-07
519001,1.0,0.017648089677095413,0.017648089677095413,2.556577101131552e-07,1.834975904557723e-08
520001,1.0,0.019977640360593796,0.019977640360593796,3.907499831257155e-06,6.620218329089766e-08
521001,1.0,0.021212119609117508,0.021212119609117508,2.2657364752376452e-05,1.0756873791706312e-07
522001,1.0,0.01823948323726654,0.01823948323726654,1.1943126992264297e-05,1.3371074913948178e-08
523001,1.0,0.03409414738416672,0.03409414738416672,1.7320354572802898e-06,6.3973377706361134e-09
524001,1.0,0.06328915804624557,0.06328915804624557,1.1774151971621905e-05,5.566556104952269e-09
525001,1.0,0.052346762269735336,0.052346762269735336,6.200187272042967e-06,1.5699088251608373e-08
526001,1.0,0.10117128491401672,0.10117128491401672,4.999585598852718e-06,3.209238030876804e-08
527001,1.0,0.10496874153614044,0.10496874153614044,1.4115901194600156e-06,7.723040340579246e-08
528001,1.0,0.05950188636779785,0.05950188636779785,4.699163582699839e-06,2.797195142179021e-09
529001,1.0,0.04739998281002045,0.04739998281002045,2.6493748009670526e-05,5.593187424324242e-08
530001,1.0,0.025725113227963448,0.025725113227963448,3.8025027606636286e-06,1.6377596523398097e-07
531001,1.0,0.018972212448716164,0.018972212448716164,1.0659340659913141e-05,2.3490530054459668e-07
532001,1.0,0.011805666610598564,0.011805666610598564,4.032626293337671e-06,8.195021194978835e-08
533001,1.0,0.022009417414665222,0.022009417414665222,4.144158538110787e-06,9.343892770630191e-08
534001,1.0,0.04096515476703644,0.040965158492326736,9.97089682641672e-06,2.2087090201239334e-07
535001,1.0,0.012731624767184258,0.012731624767184258,4.4344301386445295e-06,1.9556239294615807e-07
536001,1.0,0.17921803891658783,0.17921802401542664,5.860807141289115e-05,1.9910385162802413e-07
537001,1.0,0.015267469920217991,0.015267470851540565,4.927919121655577e-07,4.8502872829203625e-08
538001,1.0,0.02274128422141075,0.02274128422141075,6.206899342942052e-06,6.327621093760172e-08
539001,1.0,0.014413483440876007,0.014413484372198582,9.665117431723047e-06,1.7923899520155828e-07
540001,1.0,0.020847821608185768,0.020847821608185768,3.0465132567769615e-06,7.039449201329262e-08
541001,1.0,0.0425080731511116,0.0425080731511116,2.0593453882611357e-05,2.1220115442588394e-08
542001,1.0,0.012284769676625729,0.012284769676625729,9.283590429731703e-07,4.67310229623763e-07
543001,1.0,0.010574906133115292,0.010574906133115292,6.988540008023847e-06,3.093044043112059e-08
544001,1.0,0.0029829642735421658,0.0029829642735421658,4.855158408645366e-07,2.0303838610402636e-08
545001,1.0,0.01571785844862461,0.01571785844862461,3.5679595384863205e-06,5.4107516689327895e-08
546001,1.0,0.01256460789591074,0.01256460789591074,2.1281562112562824e-06,1.2931485215972316e-08
547001,1.0,0.010331944562494755,0.010331944562494755,8.417058694476509e-08,1.3758483241588237e-08
548001,1.0,0.024570487439632416,0.024570489302277565,3.6004948924528435e-05,2.8361375470353778e-08
549001,1.0,0.026356715708971024,0.026356715708971024,1.2667486544160056e-06,2.506701335391881e-08
550001,1.0,0.026196766644716263,0.026196766644716263,2.975480413169862e-07,2.4105760942916277e-08
551001,1.0,0.01673729158937931,0.01673729158937931,1.2190080269647297e-06,8.998282652328271e-08
552001,1.0,0.027931123971939087,0.027931122109293938,8.947783499024808e-06,4.329186822360498e-07
553001,1.0,0.009926223196089268,0.009926222264766693,7.017118605290307e-06,7.8127293079433e-08
554001,1.0,0.02036992646753788,0.02036992646753788,1.044089822244132e-05,4.1140671669381845e-07
555001,1.0,0.004179356154054403,0.004179356154054403,5.857969398448404e-08,3.3550915645719215e-07
556001,1.0,0.03670259565114975,0.03670259565114975,9.653523193264846e-06,1.9902724801568183e-08
557001,1.0,0.01963372528553009,0.01963372528553009,4.171061846136581e-06,8.822535590979896e-08
558001,1.0,0.013327612541615963,0.013327611610293388,9.93576213659253e-06,6.74717668402991e-08
559001,1.0,0.004050879273563623,0.004050879273563623,2.0723691704915836e-06,5.039158423869594e-08
560001,1.0,0.02804964780807495,0.02804964780807495,8.552244253223762e-06,2.0655473775832434e-08
561001,1.0,0.05297764018177986,0.05297764018177986,1.1353339459674316e-06,3.217525446075342e-08
562001,1.0,0.015731068328022957,0.015731068328022957,3.1721563118480844e-06,1.4211197552072008e-08
563001,1.0,0.0048614442348480225,0.0048614442348480225,2.55394957093813e-06,2.239564977912778e-08
564001,1.0,0.02588752470910549,0.02588752470910549,2.0452645912882872e-05,1.5480055992611597e-07
565001,1.0,0.005839239805936813,0.005839239805936813,2.240519734186819e-06,1.1374422292931285e-08
566001,1.0,0.0008482998237013817,0.0008482998237013817,2.300843675584474e-07,2.5273903858646918e-08
567001,1.0,0.01145212259143591,0.01145212259143591,3.419470658627688e-06,8.825935537970508e-09
568001,1.0,0.003075032029300928,0.003075032029300928,8.32981550047407e-06,1.0409006989675618e-08
569001,1.0,0.011764764785766602,0.011764763854444027,1.29118589029531e-05,1.6922079737469176e-07
570001,1.0,0.002361566759645939,0.002361566759645939,1.8917714896815596e-06,5.202399222525855e-08
571001,1.0,0.0014168719062581658,0.0014168719062581658,5.206611604080535e-07,1.0531665139978941e-07
572001,1.0,0.027007101103663445,0.027007101103663445,1.4387358078238321e-06,2.0383237142596045e-07
573001,1.0,0.0037947404198348522,0.0037947404198348522,8.937258826335892e-07,7.810288593645964e-08
574001,1.0,0.0025563889648765326,0.0025563889648765326,1.0923894251391175e-06,9.519557586656902e-09
575001,1.0,0.023634474724531174,0.023634474724531174,6.8161089075147174e-06,1.4740479947761287e-08
576001,1.0,0.008393604308366776,0.008393604308366776,4.0234999687527306e-07,1.604926893605807e-07
577001,1.0,0.015788760036230087,0.015788761898875237,5.556922587857116e-06,3.861012203287828e-07
578001,1.0,0.004290496930480003,0.004290496930480003,9.33109095058171e-06,1.7133594099050242e-07
579001,1.0,0.0061693694442510605,0.0061693694442510605,2.0139682987974084e-07,5.6897206945905054e-08
580001,1.0,0.006676799617707729,0.006676799617707729,3.6872705777568626e-08,1.6735287999836146e-07
581001,1.0,0.0006252954481169581,0.0006252955063246191,1.0337499816159834e-06,1.0102245795451381e-07
582001,1.0,0.0010211115004494786,0.0010211115004494786,2.1864190102860448e-07,7.082073949504775e-08
583001,1.0,0.015385501086711884,0.015385501086711884,9.001099897432141e-06,2.638996647874592e-07
584001,1.0,0.033695291727781296,0.033695291727781296,7.750103577564005e-06,2.7178504069524934e-07
585001,1.0,0.015427075326442719,0.015427075326442719,1.0704473424993921e-05,1.2695021212039137e-07
586001,1.0,0.004762665368616581,0.004762665368616581,6.85876011630171e-06,1.6553119763784707e-08
587001,1.0,0.005293593276292086,0.005293593276292086,1.8372429622104391e-06,3.356127820097754e-08
588001,1.0,0.0016373065300285816,0.0016373065300285816,5.93855986608105e-07,7.497049381299803e-08
589001,1.0,0.007123206742107868,0.007123206276446581,6.24945243998809e-07,1.3098642170916719e-08
590001,1.0,0.01042633131146431,0.010426332242786884,4.952337349095615e-06,3.7144573639125156e-08
591001,1.0,0.0027719007339328527,0.002771900501102209,1.1020040346920723e-06,5.2970495545423546e-08
592001,1.0,0.293675035238266,0.293675035238266,4.3621432268992066e-05,1.1476212335992386e-07
593001,1.0,0.02768958918750286,0.02768958918750286,5.77883884034236e-06,3.491978759484482e-07
594001,1.0,0.0012587311211973429,0.0012587311211973429,5.174842385713418e-07,2.086189709871178e-08
595001,1.0,0.26675844192504883,0.26675841212272644,2.487334313627798e-05,1.0598065358635722e-07
596001,1.0,0.024433281272649765,0.024433283135294914,2.653167575772386e-05,1.1748138462053248e-08
597001,1.0,0.0019596614874899387,0.0019596614874899387,3.0950280915931216e-07,5.279578658701212e-07
598001,1.0,0.005331933032721281,0.005331933032721281,2.9945695132482797e-06,9.655018828880202e-08
599001,1.0,0.007515832781791687,0.007515832781791687,2.0575487724272534e-05,5.7092570671102294e-08
600001,1.0,0.0038469082210212946,0.0038469082210212946,1.8305905769011588e-06,2.6077550785430503e-08
601001,1.0,0.25630760192871094,0.25630760192871094,1.0817368547577644e-06,2.1513226045044576e-07
602001,1.0,0.015975922346115112,0.015975922346115112,6.069743449188536e-06,6.759232178410457e-07
603001,1.0,0.002927688416093588,0.0029276886489242315,6.81940605318232e-07,3.204965821623773e-07
604001,1.0,0.0033664905931800604,0.0033664905931800604,1.7957664795176242e-06,6.40221173853206e-08
605001,1.0,0.010310384444892406,0.010310384444892406,5.623889137496008e-06,2.6036902411874507e-08
606001,1.0,0.16477885842323303,0.16477885842323303,1.1779112355725374e-05,5.484659482135612e-08
607001,1.0,0.2628125548362732,0.2628125548362732,9.760931425262243e-05,5.369367528373914e-08
608001,1.0,0.07751768082380295,0.07751768082380295,0.00022632782929576933,9.768004360921623e-08
609001,1.0,0.20737917721271515,0.20737917721271515,4.244729643687606e-05,7.301237303636299e-08
610001,1.0,0.028809919953346252,0.028809919953346252,1.083563893189421e-05,5.5770197349147566e-08
611001,1.0,0.018140001222491264,0.018140001222491264,1.2090368727513123e-05,3.1602841232825085e-08
612001,1.0,0.025771211832761765,0.025771209970116615,1.6936330212047324e-05,3.817473981371222e-08
613001,1.0,0.008022500202059746,0.008022499270737171,6.049778221495217e-06,1.3359240824684093e-08
614001,1.0,0.12166013568639755,0.12166013568639755,2.4291388399433345e-05,5.960255933246117e-08
615001,1.0,0.021314462646842003,0.021314462646842003,1.98430734599242e-05,2.2605476601711416e-08
616001,1.0,0.21138907968997955,0.21138907968997955,0.0001357144647045061,1.0612696854650494e-07
617001,1.0,0.5338217616081238,0.5338217616081238,0.000430433196015656,1.5905742145605473e-07
618001,1.0,0.24595291912555695,0.24595291912555695,2.2943373551242985e-05,3.4748543953355693e-07
619001,1.0,0.1726067215204239,0.1726067215204239,9.809824405238032e-05,3.653632774103244e-08
620001,1.0,0.0067893690429627895,0.0067893690429627895,1.015527345771261e-06,1.6427277316211075e-08
621001,1.0,0.16191889345645905,0.16191889345645905,5.787495683762245e-05,8.133196160997613e-08
622001,1.0,0.03788800165057182,0.03788800165057182,7.775270205456764e-05,3.868384226279886e-07
623001,1.0,0.12857067584991455,0.12857067584991455,6.256980213947827e-06,6.780113182003333e-08
624001,1.0,0.11821502447128296,0.11821502447128296,8.55577764014015e-06,2.978378290663386e-07
625001,1.0,0.20430214703083038,0.20430214703083038,1.1007530702045187e-05,2.244029957410021e-07
626001,1.0,0.02043786458671093,0.02043786458671093,3.1637238862458616e-05,2.4910555396218115e-08
627001,1.0,0.020001184195280075,0.020001184195280075,5.727549250877928e-06,3.584218788432736e-08
628001,1.0,0.0024199415929615498,0.0024199415929615498,7.946314326545689e-07,5.434509375845664e-08
629001,1.0,0.5032278299331665,0.5032278299331665,0.00026831935974769294,2.3281181711354293e-06
630001,1.0,0.0013586684362962842,0.0013586684362962842,2.5583246952010086e-06,3.152071670342593e-08
631001,1.0,0.0712670162320137,0.0712670162320137,1.6565252735745162e-05,3.982401608482178e-08
632001,1.0,0.0029365569353103638,0.0029365569353103638,1.2076725397491828e-06,8.595963407742602e-08
633001,1.0,0.06695760786533356,0.06695760786533356,1.0738314131231164e-06,3.9340750390692847e-07
634001,1.0,0.36925041675567627,0.36925041675567627,8.274281572084874e-05,3.355483002565052e-08
635001,1.0,0.001251811278052628,0.001251811278052628,7.150055125748622e-07,1.841874386343534e-08
636001,1.0,0.009872223250567913,0.009872222319245338,2.1228499917924637e-06,1.0489439539185241e-08
637001,1.0,0.0029142452403903008,0.0029142452403903008,1.3972094166092575e-06,1.639154767474338e-08
638001,1.0,0.012554432265460491,0.012554432265460491,2.3533371518169588e-07,2.535155374516762e-08
639001,1.0,0.0038528856821358204,0.0038528856821358204,1.3857360272595542e-06,6.7643121326455e-08
640001,1.0,0.20674031972885132,0.20674031972885132,3.570281114662066e-05,8.896507353028937e-08
641001,1.0,0.005568130407482386,0.005568130407482386,2.408376758467057e-06,1.2159743789652566e-07
642001,1.0,0.00024217327882070094,0.00024217327882070094,9.373862894790363e-07,1.4693285699252101e-08
643001,1.0,0.004488236736506224,0.004488236736506224,2.9547602480306523e-06,1.6100744915092946e-07
644001,1.0,0.008711524307727814,0.008711524307727814,8.58445400808705e-06,2.0719035376259853e-08
645001,1.0,0.11723871529102325,0.11723871529102325,3.0441682611126453e-05,2.5846055962119863e-08
646001,1.0,0.005771465599536896,0.005771465599536896,2.7091359697806183e-06,9.740038109384841e-08
647001,1.0,0.00356008461676538,0.00356008461676538,8.980780421552481e-07,1.1325246873639117e-07
648001,1.0,0.004283602815121412,0.004283602815121412,1.527615609120403e-06,4.2012754875031533e-07
649001,1.0,0.0014858876820653677,0.0014858876820653677,5.916108875680948e-06,1.211497107078685e-07
650001,1.0,0.00034849022631533444,0.00034849022631533444,2.9476640861503256e-07,1.916497538445583e-08
651001,1.0,0.001560369273647666,0.001560369273647666,5.673327336808143e-07,1.1680171496664116e-08
652001,1.0,0.0032119634561240673,0.0032119634561240673,6.199430799824768e-07,5.415361670202401e-08
653001,1.0,0.0026545338332653046,0.002654533600434661,2.9465513762261253e-07,1.9082619928667555e-07
654001,1.0,0.0010315700201317668,0.0010315700201317668,5.137299581292609e-07,1.0432387398395804e-06
655001,1.0,0.0025910402182489634,0.0025910402182489634,1.290251248065033e-06,2.4162488898582524e-07
656001,1.0,0.0024085454642772675,0.0024085454642772675,2.742884817052982e-07,2.0295072289400196e-08
657001,1.0,0.002145320177078247,0.002145320177078247,9.062762842404481e-07,1.1729152760153738e-07
658001,1.0,0.0020292678382247686,0.0020292678382247686,9.339575512967713e-07,4.032019376154494e-07
659001,1.0,0.0015089729567989707,0.0015089729567989707,1.505512727817404e-06,1.1737025715774507e-06
660001,1.0,0.002796659478917718,0.002796659478917718,7.373559583356837e-06,1.4972076201047457e-07
661001,1.0,0.0049282037653028965,0.0049282037653028965,3.153284296786296e-06,5.465755137379347e-08
662001,1.0,0.0745651051402092,0.0745651051402092,5.565151877817698e-05,1.714883950398871e-07
663001,1.0,0.05961689352989197,0.05961689352989197,4.224072472425178e-05,6.972290833573425e-08
664001,1.0,0.005769847892224789,0.005769847892224789,4.312056262278929e-06,4.1673189343782724e-08
665001,1.0,0.005449354182928801,0.005449354182928801,1.8888871977651434e-07,1.119062797982906e-08
666001,1.0,0.0017792072612792253,0.0017792072612792253,1.243515271198703e-06,3.8919871769849124e-08
667001,1.0,0.0017826692201197147,0.0017826692201197147,3.4152907346651773e-07,2.135551291360116e-08
668001,1.0,0.0021525085903704166,0.0021525085903704166,1.483912683397648e-06,1.4633417322329478e-07
669001,1.0,0.023661991581320763,0.023661991581320763,1.6956141735136043e-06,1.4614079724140083e-08
670001,1.0,0.000549174437765032,0.000549174437765032,1.177862856138745e-07,1.9401865003487728e-08
671001,1.0,0.00742245651781559,0.00742245651781559,1.127435916714603e-05,9.304678805222011e-09
672001,1.0,0.004673064686357975,0.004673064686357975,1.077771230484359e-06,4.7242462386520856e-08
673001,1.0,0.0013510816497728229,0.0013510816497728229,1.0871708582271822e-06,2.4403636444958465e-08
674001,1.0,0.0011314338771626353,0.0011314337607473135,4.094761152373394e-07,2.9972645165798895e-07
675001,1.0,0.0024793550837785006,0.0024793550837785006,8.421104098488286e-07,2.00854231025005e-08
676001,1.0,0.0031773098744452,0.0031773101072758436,4.358847149887879e-07,5.367700062208769e-09
677001,1.0,0.0005039179814048111,0.0005039179814048111,6.796756935045778e-08,3.038215936612687e-07
678001,1.0,0.001955444226041436,0.001955444226041436,7.782142574797035e-07,3.746996242171008e-07
679001,1.0,0.0005617687129415572,0.0005617687129415572,3.190227744198637e-07,2.517926844802787e-08
680001,1.0,0.002936297096312046,0.002936297096312046,7.520306439801061e-07,7.257567347096483e-08
681001,1.0,0.0017823849339038134,0.0017823849339038134,2.1900566480326233e-06,1.3652408981101871e-08
682001,1.0,0.0017003327375277877,0.0017003327375277877,4.197537606387414e-08,2.3846576269193065e-08
683001,1.0,0.0020867364946752787,0.0020867367275059223,1.372780616293312e-06,2.6447587231359648e-08
684001,1.0,0.0019482679199427366,0.0019482679199427366,6.642152925451228e-07,8.275564056248186e-08
685001,1.0,0.0028994381427764893,0.0028994381427764893,1.2539528597699245e-06,1.0158689889294692e-07
686001,1.0,0.0013196347281336784,0.0013196347281336784,1.553708273149823e-07,5.1293120861828356e-08
687001,1.0,0.0015460222493857145,0.0015460222493857145,7.212082664409536e-08,1.410930305922875e-08
688001,1.0,0.00411794800311327,0.00411794800311327,2.9177292617532657e-06,8.842375720519158e-09
689001,1.0,0.005647578742355108,0.005647578742355108,4.436567451193696e-06,7.369989507566288e-09
690001,1.0,0.000811829580925405,0.0008118296391330659,3.1813064538255276e-07,4.5266272508115435e-08
691001,1.0,0.002392945811152458,0.002392945811152458,2.9037075819360325e-06,1.230515636052587e-07
692001,1.0,0.004578344989567995,0.004578344989567995,4.996753943942167e-08,2.942402375083475e-07
693001,1.0,0.0027098734863102436,0.0027098734863102436,2.852677596365538e-07,4.768446970615514e-08
694001,1.0,0.0014237591531127691,0.0014237591531127691,2.2354772966082237e-07,1.0605764266813367e-08
695001,1.0,0.0013534959871321917,0.0013534959871321917,3.222264979285683e-07,1.0770673242177509e-07
696001,1.0,0.05088469758629799,0.05088469758629799,4.0159389754990116e-05,3.0076108714638394e-07
697001,1.0,0.0009577655582688749,0.0009577656164765358,7.94842680562624e-09,1.5517561280375958e-07
698001,1.0,0.0013801197055727243,0.0013801197055727243,1.7616120828733983e-07,1.0634784786134333e-07
699001,1.0,0.0011734494473785162,0.001173449563793838,3.711779328341436e-08,5.164018546111038e-08
700001,1.0,0.005509915761649609,0.005509915761649609,6.85466648064903e-06,6.204180635904777e-07
701001,1.0,0.003130854107439518,0.003130854107439518,3.4543547826615395e-06,1.2996044063129375e-07
702001,1.0,0.0007511121220886707,0.0007511121220886707,3.98423026126693e-07,1.273046166261338e-07
703001,1.0,0.0003845194005407393,0.0003845194005407393,1.8515063970880874e-07,2.005322841114321e-08
704001,1.0,0.0015994859859347343,0.0015994859859347343,1.566113269291236e-06,1.3227089823431015e-07
705001,1.0,0.0007831897237338126,0.0007831897237338126,1.3915418151100312e-07,1.122252569984994e-06
706001,1.0,0.002030658069998026,0.002030658069998026,1.019812884806015e-06,3.132385728576992e-08
707001,1.0,0.0022126378025859594,0.002212638035416603,1.4248455215692957e-07,3.059539466221395e-08
708001,1.0,0.08470538258552551,0.08470539003610611,5.326218524714932e-05,1.085723226879054e-07
709001,1.0,0.0012190693523734808,0.0012190693523734808,3.877669598750799e-07,4.810867082483128e-08
710001,1.0,0.0020273439586162567,0.0020273439586162567,1.6644299876134028e-06,5.096090305301004e-08
711001,1.0,0.003084977623075247,0.003084977623075247,5.660704616161638e-08,7.319954420381691e-08
712001,1.0,0.006516201421618462,0.006516201421618462,3.3227322546736104e-06,3.256682390428978e-08
713001,1.0,0.0019822847098112106,0.0019822847098112106,8.27934911740158e-07,1.4400875159026327e-08
714001,1.0,0.0076187350787222385,0.007618735544383526,1.5807305317139253e-05,2.382060984018608e-07
715001,1.0,0.0036694270092993975,0.0036694270092993975,2.3234661057358608e-06,7.469397900194963e-08
716001,1.0,0.0026916901115328074,0.0026916901115328074,4.851131052419078e-07,5.296834260093419e-08
717001,1.0,0.001507363747805357,0.001507363747805357,4.023585518098116e-07,2.1504865443944254e-08
718001,1.0,0.000645819294732064,0.000645819294732064,2.0965974556474976e-07,1.8367038023825444e-07
719001,1.0,0.0033614870626479387,0.0033614870626479387,8.431524292973336e-06,1.7095471704919873e-08
720001,1.0,0.0015395714435726404,0.0015395714435726404,3.6615867315958894e-07,1.8227991560593182e-08
721001,1.0,0.0025283298455178738,0.0025283298455178738,5.090625450066e-07,3.20247806939733e-07
722001,1.0,0.007035643793642521,0.007035643793642521,2.6858850787903066e-07,8.588033040268783e-08
723001,1.0,0.007787855342030525,0.0077878558076918125,4.067743475388852e-07,6.673134578250028e-08
724001,1.0,0.13100874423980713,0.13100874423980713,7.153909973567352e-05,4.3394646809247206e-07
725001,1.0,0.0038057640194892883,0.003805764252319932,2.7700566533894744e-06,4.233364165884268e-07
726001,1.0,0.00081054144538939,0.00081054144538939,1.6951282759691821e-06,8.367501891370921e-08
727001,1.0,0.002579429652541876,0.0025794298853725195,1.4224027609088807e-06,2.613860594635753e-08
728001,1.0,0.0006826975732110441,0.000682697631418705,1.821015189307218e-06,3.5800557185439175e-08
729001,1.0,0.0028372614178806543,0.0028372614178806543,1.557151790620992e-06,7.13217076508954e-08
730001,1.0,0.07771210372447968,0.07771210372447968,6.0270274843787774e-05,6.195361379468523e-08
731001,1.0,0.009612658992409706,0.009612658992409706,4.376327069621766e-06,2.35934756176448e-08
732001,1.0,0.006942723412066698,0.006942723412066698,6.463965860348253e-07,7.070461549574247e-08
733001,1.0,0.0039039594121277332,0.0039039594121277332,3.1954450605553575e-06,1.1340984684693467e-07
734001,1.0,0.0007747624767944217,0.0007747624767944217,2.3202705961011816e-06,1.5636342709512974e-07
735001,1.0,0.011745734140276909,0.011745734140276909,4.130419881676062e-07,2.288789318072304e-07
736001,1.0,0.067543625831604,0.067543625831604,3.340952389407903e-05,1.4416509941383993e-07
737001,1.0,0.0033155246637761593,0.0033155246637761593,8.841480507726374e-07,2.2698395696352236e-07
738001,1.0,0.014492928981781006,0.014492928981781006,2.582022034403053e-06,5.762548198617878e-07
739001,1.0,0.0013904297957196832,0.0013904296793043613,1.248145508725429e-06,3.4037885399129664e-08
740001,1.0,0.5705657601356506,0.5705657601356506,0.00014755383017472923,7.945177458168473e-07
741001,1.0,0.01162460446357727,0.01162460446357727,4.149639153183671e-06,4.278889775832795e-08
742001,1.0,0.010580937378108501,0.010580937378108501,4.693788469012361e-06,2.1625918833478863e-08
743001,1.0,0.023201895877718925,0.023201895877718925,2.0146002498222515e-05,2.1706886954575566e-08
744001,1.0,0.003453579731285572,0.003453579731285572,5.071746272733435e-06,6.700724242136857e-08
745001,1.0,0.0015400436241179705,0.0015400436241179705,2.8212750748934923e-06,2.2663759580154874e-07
746001,1.0,0.0037716785445809364,0.0037716785445809364,1.4810865422987263e-06,3.0342258128257527e-07
747001,1.0,0.005984364077448845,0.005984364077448845,1.2111831892980263e-06,1.3429011680443637e-08
748001,1.0,0.020856812596321106,0.020856812596321106,3.513412593747489e-05,2.5507696932436374e-07
749001,1.0,0.0029496324714273214,0.0029496324714273214,1.0672371217879117e-06,1.726706244653542e-08
750001,1.0,0.006889898329973221,0.0068898978643119335,2.4057151222223183e-06,5.7374180073566095e-08
751001,1.0,0.03378401696681976,0.03378401696681976,8.80924108059844e-06,7.389987732864256e-09
752001,1.0,0.012126822955906391,0.012126822955906391,4.153991994826356e-06,6.1869793732682865e-09
753001,1.0,0.022063320502638817,0.022063320502638817,3.664821633719839e-06,4.353255178557447e-08
754001,1.0,0.00938399974256754,0.009384000673890114,9.063881407200824e-06,4.963006006164505e-09
755001,1.0,0.0027769089210778475,0.0027769089210778475,1.0308577884643455e-06,3.2415890416359616e-08
756001,1.0,0.020590372383594513,0.020590372383594513,1.854782021837309e-05,1.7312093802956952e-07
757001,1.0,0.003572167595848441,0.0035721678286790848,4.832243121200008e-07,1.2780132863099425e-07
758001,1.0,0.0500316247344017,0.050031628459692,0.00017520366236567497,1.1337189675941772e-07
759001,1.0,0.0009785493602976203,0.0009785493602976203,2.6756078241874093e-08,4.11283416212882e-08
760001,1.0,0.004661357030272484,0.004661357030272484,7.2107245614461135e-06,4.84471378570106e-08
761001,1.0,0.009514587000012398,0.009514587000012398,3.049836595891975e-05,6.456810979216243e-07
762001,1.0,0.02797592431306839,0.02797592431306839,3.62998507625889e-05,3.4033757856377633e-07
763001,1.0,0.019327541813254356,0.019327543675899506,1.6457335050290567e-06,1.4206048604137322e-07
764001,1.0,0.008042734116315842,0.008042734116315842,4.065784196427558e-06,3.7931805252355844e-08
765001,1.0,0.017093690112233162,0.017093690112233162,1.2730566595564596e-05,4.854837953871538e-08
766001,1.0,0.07755908370018005,0.07755907624959946,4.2527208279352635e-05,1.3052988911965713e-08
767001,1.0,0.02267555519938469,0.02267555519938469,1.0080068022944033e-05,1.375391533997572e-08
768001,1.0,0.014602209441363811,0.014602209441363811,3.238405270167277e-06,4.342053827599557e-08
769001,1.0,0.024722754955291748,0.024722754955291748,1.311611140408786e-05,6.923934137148535e-08
770001,1.0,0.027351362630724907,0.027351362630724907,2.3986456653801724e-05,1.0273018880013751e-08
771001,1.0,0.02362285554409027,0.02362285554409027,1.7444961486035027e-05,1.3742089244317413e-08
772001,1.0,0.057839006185531616,0.05783900246024132,9.194228368869517e-06,1.856674600730912e-07
773001,1.0,0.02488640695810318,0.02488640695810318,8.46680995891802e-06,4.182897157534171e-07
774001,1.0,0.047580331563949585,0.04758033528923988,9.347840205009561e-06,7.586196204556472e-08
775001,1.0,0.026067227125167847,0.026067227125167847,1.995458296732977e-05,1.6863664598076866e-07
776001,1.0,0.01208469457924366,0.01208469457924366,6.916813163115876e-06,1.5715839296603917e-08
777001,1.0,0.01041303388774395,0.01041303388774395,4.749687377625378e-06,5.001410485760971e-08
778001,1.0,0.01403516810387373,0.01403516810387373,3.119679149676813e-06,2.988037550721856e-08
779001,1.0,0.0062094321474432945,0.006209431681782007,1.0997067647622316e-06,1.9145105056850298e-08
780001,1.0,0.05813803896307945,0.05813803896307945,3.252716123824939e-05,1.4564466077615634e-08
781001,1.0,0.04719405993819237,0.04719405993819237,6.987644883338362e-05,1.2317202902067947e-07
782001,1.0,0.0674339309334755,0.0674339309334755,7.689854828640819e-05,8.50560368803599e-08
783001,1.0,0.009134935215115547,0.009134935215115547,1.1245779205637518e-06,5.487739258569491e-07
784001,1.0,0.04253489896655083,0.04253489896655083,4.096791963092983e-05,5.644539768923096e-08
785001,1.0,0.2919038236141205,0.2919038236141205,0.0006227752892300487,2.257116307191609e-07
786001,1.0,0.0010431200498715043,0.0010431200498715043,3.6029214811605925e-07,2.5773874767764937e-07
787001,1.0,0.027237188071012497,0.027237186208367348,8.620154403615743e-06,1.7879520441965724e-07
788001,1.0,0.019354436546564102,0.019354436546564102,1.654164407227654e-05,2.98906748241734e-08
789001,1.0,0.45120611786842346,0.45120611786842346,3.306405051262118e-05,1.0260761200697743e-06
790001,1.0,0.054468706250190735,0.054468702524900436,8.053935744101182e-06,1.008553098813536e-07
791001,1.0,0.059194620698690414,0.059194620698690414,4.3327032472006977e-05,1.3020204470137742e-08
792001,1.0,0.04210725426673889,0.04210725426673889,4.280526627553627e-05,1.259684712096032e-08
793001,1.0,0.1289655715227127,0.1289655715227127,3.485037450445816e-05,2.0754804097578017e-08
794001,1.0,0.06675934791564941,0.06675934791564941,2.7544792828848585e-05,5.618655762873459e-08
795001,1.0,0.06538271903991699,0.06538271903991699,2.246463918709196e-05,2.6043198886327446e-07
796001,1.0,0.1315111368894577,0.1315111368894577,1.788096415111795e-05,2.4378099539035247e-08
797001,1.0,0.1368560791015625,0.1368560940027237,0.00010816595749929547,2.1036913722127792e-07
798001,1.0,0.006052353885024786,0.006052353885024786,2.1050475424999604e-06,1.4126341874032278e-08
799001,1.0,0.19104009866714478,0.19104009866714478,2.326970388821792e-05,1.5298198263735685e-07
800001,1.0,0.12935999035835266,0.12935999035835266,4.621756488631945e-07,3.2568127750209896e-08
801001,1.0,0.05740534886717796,0.05740534886717796,1.0133646355825476e-05,4.3019147710765537e-07
802001,1.0,0.07695035636425018,0.07695035636425018,6.843361916253343e-05,1.6874527375421167e-07
803001,1.0,0.23281937837600708,0.23281937837600708,5.756748214480467e-05,1.7161013943223224e-08
804001,1.0,0.06439588218927383,0.06439588963985443,7.663883297936991e-05,2.6209990622305668e-08
805001,1.0,0.12861694395542145,0.12861695885658264,4.222727147862315e-05,3.561162742471424e-08
806001,1.0,0.018397891893982887,0.018397891893982887,8.511730811733287e-06,1.1297487390038441e-07
807001,1.0,0.2533921003341675,0.2533921003341675,9.04135376913473e-05,3.306495699462175e-08
808001,1.0,0.04903951659798622,0.04903951659798622,2.155354741262272e-05,2.5961981009459123e-07
809001,1.0,0.014016498811542988,0.014016498811542988,1.299925770581467e-05,4.9667587376234223e-08
810001,1.0,0.10187020152807236,0.10187020152807236,3.562178972060792e-05,1.1555265189144848e-08
811001,1.0,0.07040678709745407,0.07040678709745407,6.716709322063252e-05,1.646898510898609e-07
812001,1.0,0.011818604543805122,0.011818604543805122,5.900596079300158e-06,7.629304832335038e-08
813001,1.0,0.04249672591686249,0.04249672591686249,7.269865818670951e-06,3.351621273850469e-07
814001,1.0,0.06158531457185745,0.06158531829714775,6.08139052928891e-05,2.207165294976221e-07
815001,1.0,0.23144415020942688,0.23144415020942688,6.175499038363341e-06,1.33731020923733e-07
816001,1.0,0.11178909987211227,0.11178909987211227,8.812723535811529e-05,7.959237677823694e-07
817001,1.0,0.09528403729200363,0.09528403729200363,6.421688158297911e-05,3.0621620794590854e-08
818001,1.0,0.05195166915655136,0.05195166915655136,3.0036411772016436e-05,2.2097516705343878e-08
819001,1.0,0.10452279448509216,0.10452279448509216,2.17537053686101e-05,8.813923813022484e-08
820001,1.0,0.0032603158615529537,0.0032603158615529537,2.8216086320753675e-06,2.163588241899106e-08
821001,1.0,0.021441346034407616,0.021441346034407616,2.5504283257760108e-05,3.71349138106325e-08
822001,1.0,0.0347021147608757,0.0347021147608757,1.6162237443495542e-05,8.769192305635443e-08
823001,1.0,0.16692055761814117,0.16692055761814117,7.512804586440325e-05,7.260388912300186e-08
824001,1.0,0.17848390340805054,0.17848388850688934,2.8508558898465708e-05,5.930838398171545e-08
825001,1.0,0.052446987479925156,0.052446991205215454,1.899437847896479e-05,2.313083768967772e-08
826001,1.0,0.10268838703632355,0.10268838703632355,7.152609759941697e-05,9.878885265379722e-08
827001,1.0,0.31586942076683044,0.31586942076683044,0.0001023782097036019,5.7489039306801715e-08
828001,1.0,0.16551731526851654,0.16551731526851654,2.826012860168703e-05,1.3723724379133273e-08
829001,1.0,0.29078954458236694,0.29078954458236694,0.00016742196748964489,1.5037694822694903e-07
830001,1.0,0.0063187070190906525,0.0063187070190906525,6.114741495366616e-07,7.333407125997837e-08
831001,1.0,0.017105964943766594,0.017105964943766594,2.731127779043163e-06,3.044936391916053e-08
832001,1.0,0.09210576117038727,0.09210576117038727,5.423589755082503e-05,2.1138893657735025e-07
833001,1.0,0.04316519573330879,0.04316519573330879,2.5124952571786707e-06,3.1858812121754454e-07
834001,1.0,0.08298636972904205,0.08298636972904205,3.210698559996672e-05,5.695823546147949e-08
835001,1.0,0.026939719915390015,0.026939718052744865,4.257535692886449e-06,1.6521327950158593e-07
836001,1.0,0.016742339357733727,0.016742339357733727,6.177657724037999e-06,1.518385239762665e-08
837001,1.0,0.019889678806066513,0.019889678806066513,1.1818971870525274e-05,7.989025618826417e-08
838001,1.0,0.003710744436830282,0.0037107442039996386,5.925146524532465e-06,4.9640778598813995e-08
839001,1.0,0.004302098881453276,0.004302098881453276,1.3252031294541666e-06,1.525823165593465e-07
840001,1.0,0.009553714655339718,0.009553714655339718,2.91746209768462e-06,1.1114936881995163e-07
841001,1.0,0.0036099040880799294,0.0036099040880799294,9.096689979060102e-08,8.352570546321658e-08
842001,1.0,0.0015856798272579908,0.0015856799436733127,7.302414815058e-07,1.5132569330944534e-07
843001,1.0,0.014794209972023964,0.014794209972023964,1.252200218004873e-05,1.910976266117359e-08
844001,1.0,0.00872014556080103,0.00872014556080103,6.859757377242204e-06,9.298149805658795e-09
845001,1.0,0.008511874824762344,0.008511874824762344,8.620316293672659e-06,7.058719830865812e-08
846001,1.0,0.0049267723225057125,0.0049267723225057125,2.2449119114753557e-06,1.4853776875156655e-08
847001,1.0,0.0009964267956092954,0.0009964267956092954,9.293108291785757e-07,1.7396259011093207e-07
848001,1.0,0.08012720942497253,0.08012720942497253,5.144397800904699e-05,6.654839239672583e-07
849001,1.0,0.0014087447198107839,0.0014087447198107839,9.098641271521046e-07,5.054671987636539e-07
850001,1.0,0.001962189329788089,0.001962189329788089,1.3995530707688886e-06,1.5778621786921576e-07
851001,1.0,0.0012309553567320108,0.0012309553567320108,7.293502903849003e-07,4.414745546910126e-08
852001,1.0,0.0018838201649487019,0.0018838201649487019,7.194477120719966e-07,1.033779639669774e-08
853001,1.0,0.016249647364020348,0.016249647364020348,9.327119414592744e-07,1.9690176600306586e-07
854001,1.0,0.0011301100021228194,0.0011301100021228194,2.594992736248969e-07,5.027280991498628e-08
855001,1.0,0.0022933383006602526,0.0022933383006602526,1.6302861922667944e-06,6.180071920880437e-08
856001,1.0,0.0008593608508817852,0.0008593609090894461,1.9005966578333755e-07,2.596074111238522e-08
857001,1.0,0.002096091862767935,0.002096091862767935,7.943643964836156e-08,9.023599645274771e-09
858001,1.0,0.005453201476484537,0.005453201476484537,4.125703071622411e-06,3.3185620917919323e-09
859001,1.0,0.00256737950257957,0.0025673797354102135,1.3352922678677714e-06,2.0320820581787302e-08
860001,1.0,0.001356301479972899,0.001356301479972899,2.830091716532479e-06,1.7047398159775184e-08
861001,1.0,0.0030318747740238905,0.0030318747740238905,1.1953625289606862e-07,2.26778507084191e-08
862001,1.0,0.0014522302662953734,0.0014522302662953734,2.081711954815546e-06,1.0001251382618648e-07
863001,1.0,0.0014958246611058712,0.0014958246611058712,2.376631584866118e-07,1.837952368077822e-08
864001,1.0,0.002087683416903019,0.002087683416903019,8.535571964785049e-07,6.253936390976378e-08
865001,1.0,0.0012809569016098976,0.0012809569016098976,6.035961632733233e-07,1.9491325531362236e-07
866001,1.0,0.0010432434501126409,0.0010432434501126409,2.863583006273984e-07,7.802739077078513e-08
867001,1.0,0.0013028733665123582,0.0013028733665123582,9.309412121183414e-07,5.737781094694583e-08
868001,1.0,0.0009507914655841887,0.0009507914655841887,4.467460996693262e-07,5.4125141701888424e-08
869001,1.0,0.0012188293039798737,0.0012188293039798737,3.857308570331952e-07,2.5798007285970925e-08
870001,1.0,0.001655485713854432,0.001655485713854432,7.86689213327918e-07,7.203205143468949e-09
871001,1.0,0.003129232209175825,0.003129232209175825,1.8831605075320113e-07,3.908163748178595e-08
872001,1.0,0.0019407265353947878,0.0019407265353947878,1.5262664021520322e-07,7.555073011644708e-09
873001,1.0,0.0005420839879661798,0.0005420839879661798,9.275758827698155e-08,7.78133397716374e-08
874001,1.0,0.0013917337637394667,0.0013917337637394667,3.362259803907364e-08,2.2781479813716032e-08
875001,1.0,0.003527832916006446,0.003527832916006446,4.148854259256041e-06,1.161933909088475e-07
876001,1.0,0.001855065580457449,0.001855065580457449,1.075040358955448e-06,2.1051725695997447e-08
877001,1.0,0.002345337998121977,0.002345337998121977,1.9158552788667293e-07,1.6146499604019482e-07
878001,1.0,0.0024210114497691393,0.0024210114497691393,1.502139070908015e-07,1.3621332506374983e-08
879001,1.0,0.0003902997705154121,0.0003902997705154121,9.635090236770338e-08,4.202944126063812e-08
880001,1.0,0.0016753231175243855,0.0016753230011090636,4.969476776750525e-07,3.936595476261573e-07
881001,1.0,0.0012524810153990984,0.0012524810153990984,3.3737970284164476e-07,3.9983993360692693e-07
882001,1.0,0.0008951879572123289,0.0008951879572123289,4.142549130392581e-07,4.2508517594797013e-07
883001,1.0,0.0008649674127809703,0.0008649674127809703,3.018994618741999e-07,1.3313584190655092e-07
884001,1.0,0.001536568277515471,0.001536568277515471,5.289131763674959e-07,8.384627392388211e-08
885001,1.0,0.0014968819450587034,0.0014968819450587034,7.46148771213484e-07,1.362171957453029e-07
886001,1.0,0.46624475717544556,0.46624475717544556,0.00012971830437891185,2.2700335193803767e-06
887001,1.0,0.005860266275703907,0.005860266275703907,6.112783466960536e-06,2.7554361281545425e-07
888001,1.0,0.00181694480124861,0.00181694480124861,1.8857083432521904e-06,6.284219011831738e-07
889001,1.0,0.002735653193667531,0.002735653193667531,2.4417192889814032e-06,4.5912038615369966e-08
890001,1.0,0.007739506661891937,0.0077395071275532246,1.0420762009744067e-05,6.657317896952009e-08
891001,1.0,0.0007717865519225597,0.0007717865519225597,1.114946499569669e-07,3.15235375580869e-08
892001,1.0,0.011241051368415356,0.011241051368415356,6.581927323168202e-07,5.493853194593612e-08
893001,1.0,0.005242081359028816,0.005242081359028816,9.67335745372111e-06,1.1860057824719661e-08
894001,1.0,0.0008036667131818831,0.0008036667131818831,7.650622819710406e-07,1.4389854641194688e-07
895001,1.0,0.3965294063091278,0.3965294063091278,0.0007595550850965083,1.6117994618980447e-06
896001,1.0,0.012071278877556324,0.012071278877556324,1.8303151136933593e-06,7.503264498609497e-08
897001,1.0,0.3872254490852356,0.3872254490852356,0.0005089693586342037,1.2669272564380663e-06
898001,1.0,0.04892561957240105,0.04892561957240105,0.0001169585229945369,1.2071426525039897e-08
899001,1.0,0.31979432702064514,0.31979432702064514,0.00016490420966874808,1.0289048759659636e-06
900001,1.0,0.12417487055063248,0.12417487055063248,0.00024353948538191617,9.94704407730751e-09
901001,0.9819819927215576,0.7308481335639954,0.7308481335639954,0.05782648175954819,0.0010616977233439684
902001,1.0,0.044252146035432816,0.044252146035432816,8.28790434752591e-05,1.3300837053975556e-05
903001,1.0,0.2631025016307831,0.2631025016307831,0.0012593262363225222,6.389508143911371e-06
904001,1.0,0.5696101784706116,0.5696101784706116,0.009656962938606739,3.839241799141746e-06
905001,1.0,0.654659628868103,0.654659628868103,0.0014088315656408668,1.8207252878710278e-06
906001,1.0,0.4390887916088104,0.4390887916088104,0.0073262667283415794,9.967988034986774e-07
907001,1.0,0.8225932121276855,0.8225931525230408,0.0037470317911356688,1.0488693078514189e-06
908001,1.0,0.027476029470562935,0.027476029470562935,5.869774759048596e-05,2.48263432922613e-07
909001,1.0,0.012673000805079937,0.012673000805079937,1.561465614940971e-05,1.4434593254009087e-07
910001,1.0,0.002794883446767926,0.0027948832139372826,9.020126867653744e-07,7.287263059652105e-08
911001,1.0,0.005687573458999395,0.005687573458999395,3.546787047525868e-05,4.3842604213750747e-08
912001,1.0,0.08705747127532959,0.08705747872591019,4.0206374251283705e-05,1.7105710625742176e-08
913001,1.0,0.005016437266021967,0.005016437266021967,1.939117510119104e-06,7.207524532759635e-08
914001,1.0,0.013421253301203251,0.013421254232525826,5.226575467531802e-06,5.7700425770690345e-08
915001,1.0,0.023992475122213364,0.023992475122213364,1.3541870430344716e-05,7.173851201969228e-08
916001,1.0,0.6623155474662781,0.6623156070709229,0.0006496375426650047,2.061240991224622e-07
917001,1.0,0.052859362214803696,0.052859362214803696,4.941181396134198e-05,3.1518394560947627e-09
918001,1.0,0.578145444393158,0.578145444393158,2.153611603716854e-05,1.3966760548100865e-07
919001,1.0,1.1492884159088135,1.149288535118103,0.0019213552586734295,2.9637266152349184e-07
920001,1.0,1.4653726816177368,1.4653726816177368,0.00021452843793667853,3.2726589438425435e-07
921001,1.0,1.462111234664917,1.462111234664917,7.121301314327866e-05,2.0352509011445363e-07
922001,1.0,0.07668586075305939,0.07668586075305939,7.002214260865003e-06,2.391761455555752e-08
923001,1.0,0.06843546032905579,0.06843546032905579,5.6988235883181915e-05,2.998519619268336e-07
924001,1.0,0.09026143699884415,0.09026142954826355,2.721552300499752e-05,6.555817666509256e-09
925001,1.0,0.4310052990913391,0.4310052692890167,0.00017279089661315084,2.5823011284842323e-08
926001,1.0,0.9313759803771973,0.9313759803771973,0.00035013118758797646,1.3865767414245056e-06
927001,1.0,0.02281448245048523,0.02281448245048523,1.0554114851402119e-05,9.094289765698704e-09
928001,1.0,0.7002993226051331,0.7002993822097778,0.00022770892246626318,1.1267746913290466e-06
929001,1.0,0.10848534852266312,0.10848535597324371,2.134046098944964e-06,1.322507614531787e-07
930001,1.0,0.09803506731987,0.09803506731987,5.601707016467117e-05,2.985694536050687e-08
931001,1.0,0.11724694073200226,0.11724694073200226,5.6438013416482136e-05,4.3665110638357874e-08
932001,1.0,0.006991511210799217,0.006991511210799217,1.7385065120834042e-06,8.713728760767481e-08
933001,1.0,0.31620293855667114,0.31620293855667114,0.00015358290693257004,3.355767717039271e-07
934001,1.0,0.48593059182167053,0.48593059182167053,0.0009544012136757374,1.120262936638028e-06
935001,1.0,0.10212764143943787,0.10212764143943787,6.996627053013071e-05,2.5415602067369036e-08
936001,1.0,0.3707941472530365,0.3707941472530365,0.0003180611820425838,3.3455108905400266e-08
937001,1.0,0.25557851791381836,0.25557851791381836,5.625905396300368e-05,7.322494610662034e-08
938001,0.9819819927215576,0.9039974212646484,0.9039974212646484,0.004022115375846624,0.003845596220344305
939001,1.0,0.049398940056562424,0.049398940056562424,0.0019107545958831906,1.3687938917428255e-05
940001,1.0,0.0504099577665329,0.0504099577665329,0.0016603318508714437,2.8582544473465532e-05
941001,1.0,0.060591503977775574,0.06059150770306587,0.03000580705702305,2.617034078866709e-05
942001,1.0,0.06593573093414307,0.06593573093414307,0.0036555607803165913,3.9096175896702334e-06
943001,1.0,0.12898880243301392,0.12898880243301392,0.004048331640660763,1.1476479812699836e-05
944001,1.0,0.12615004181861877,0.12615004181861877,0.0005286900559440255,8.744846127228811e-06
945001,1.0,0.20714567601680756,0.20714567601680756,0.003995614126324654,2.4060159375949297e-06
946001,1.0,0.14801308512687683,0.14801308512687683,0.0005607101484201849,1.305272348872677e-06
947001,1.0,0.036799415946006775,0.036799415946006775,0.0002902219712268561,1.0893701301029068e-06
948001,1.0,0.34508150815963745,0.34508150815963745,0.0012617893517017365,1.107309003600676e-06
949001,1.0,0.1480058878660202,0.1480058878660202,0.00026795058511197567,5.034802370573743e-07
950001,1.0,0.032682113349437714,0.032682113349437714,4.012638237327337e-05,1.7386804529451183e-07
951001,1.0,0.1599329262971878,0.1599329262971878,0.00011641014862107113,1.7814784314396093e-07
952001,1.0,0.0654514878988266,0.0654514878988266,0.0003644291718956083,8.134791329439395e-08
953001,1.0,0.22932885587215424,0.22932885587215424,2.7563517505768687e-05,3.393302350218619e-08
954001,1.0,0.14541763067245483,0.14541763067245483,4.820360572921345e-06,4.476947879084037e-08
955001,1.0,0.005820109508931637,0.005820109508931637,1.4715463976244791e-06,1.0150357887539485e-08
956001,1.0,0.002129889093339443,0.002129889093339443,1.011005792861397e-06,6.798615004299791e-09
957001,1.0,0.20255345106124878,0.20255345106124878,2.3019199943519197e-05,1.3201151283226409e-08
958001,1.0,0.003983762580901384,0.003983762580901384,3.3347746466461103e-06,5.1713112014795115e-08
959001,1.0,0.004333173856139183,0.004333173856139183,3.7171612348174676e-06,1.8563117265557594e-08
960001,1.0,0.7652158141136169,0.7652158141136169,2.6089855964528397e-05,1.7548049413562694e-07
961001,1.0,0.004500381648540497,0.004500382114201784,1.905512135635945e-06,2.3816415506416888e-08
962001,1.0,0.337675541639328,0.337675541639328,2.7350080927135423e-05,9.80529168970179e-09
963001,1.0,0.005753745324909687,0.005753745324909687,2.3403686100209597e-06,1.580785458088485e-08
964001,1.0,0.7624089121818542,0.7624089121818542,0.0002958982950076461,8.90437164002833e-08
965001,1.0,0.22187991440296173,0.22187991440296173,5.412366226664744e-05,4.3182360798255104e-08
966001,1.0,0.2764844298362732,0.2764844298362732,4.785726923728362e-05,6.680771491573978e-08
967001,1.0,0.002208335790783167,0.002208335790783167,3.8819888459329377e-07,1.8327941830875716e-08
968001,1.0,0.5867472290992737,0.5867471694946289,3.420635039219633e-05,3.0098735948058675e-08
969001,1.0,0.36809438467025757,0.3680943548679352,2.573768506408669e-05,3.1193376770488612e-09
970001,1.0,0.6119304299354553,0.6119304299354553,0.00012286874698475003,2.4790828945242538e-08
971001,1.0,1.3202353715896606,1.3202353715896606,0.00018319100490771234,1.134884719533602e-08
972001,1.0,0.8377453088760376,0.8377453088760376,6.339092942653224e-05,1.9122598615695097e-08
973001,1.0,0.004604255314916372,0.004604255314916372,1.5305882072880195e-07,3.622482580567521e-08
974001,1.0,0.03377850726246834,0.03377850726246834,2.3728946416667895e-06,2.1155187823751476e-07
975001,1.0,0.00555411446839571,0.00555411446839571,2.2562267076864373e-06,5.908553202260691e-09
976001,1.0,0.004941242281347513,0.004941242281347513,3.656496403436904e-07,7.951440750275651e-08
977001,1.0,0.007702011149376631,0.007702011149376631,2.2016313323547365e-06,4.081278959233714e-08
978001,1.0,0.0056533836759626865,0.0056533836759626865,1.9620912894424691e-07,3.072612386745277e-08
979001,0.9639639854431152,1.4698361158370972,1.4698361158370972,0.005214655306190252,0.007432299200445414
980001,1.0,0.04258342087268829,0.04258342087268829,0.0007061054930090904,0.00023668212816119194
981001,1.0,0.031317535787820816,0.031317539513111115,0.0007348860963247716,6.38873316347599e-05
982001,1.0,0.014621451497077942,0.014621451497077942,0.0005309453699737787,2.8794904210371897e-05
983001,1.0,0.008215885609388351,0.008215885609388351,0.0001057193148881197,1.674160193942953e-05
984001,1.0,0.004472915083169937,0.004472915083169937,1.0715813914430328e-05,1.1564236046979204e-05
985001,1.0,0.0019482242641970515,0.0019482242641970515,4.1441187931923196e-05,8.074942343228031e-06
986001,1.0,0.0004485360987018794,0.0004485360987018794,4.5250862967805006e-06,5.746503575210227e-06
987001,1.0,0.00032171886414289474,0.00032171886414289474,3.288930656708544e-06,4.183359123999253e-06
988001,1.0,0.0004701472644228488,0.0004701472644228488,3.240249100144865e-07,2.842466528818477e-06
989001,1.0,0.00045774440513923764,0.00045774440513923764,1.4209771279638517e-06,2.4304135877173394e-06
990001,1.0,0.0005456287763081491,0.0005456287763081491,4.225675183988642e-06,2.0666748241637833e-06
991001,1.0,0.00063384382519871,0.00063384382519871,1.5539343394266325e-06,1.8498990357329603e-06
992001,1.0,0.000560832442715764,0.000560832442715764,2.048732312687207e-06,1.730675080580113e-06
993001,1.0,0.0003410208155401051,0.0003410208155401051,3.7157155929889996e-07,1.456379209230363e-06
994001,1.0,0.00046551297418773174,0.00046551297418773174,1.1944357538595796e-06,1.2307129964028718e-06
995001,1.0,0.00039544395986013114,0.00039544395986013114,1.810788035072619e-06,1.0714362588259974e-06
996001,1.0,0.00036101628211326897,0.00036101628211326897,1.1123152034997474e-06,1.0598276958262431e-06
997001,1.0,0.3268964886665344,0.3268964886665344,0.0008287786622531712,1.7638247982176836e-06
998001,1.0,0.00047056321636773646,0.00047056321636773646,9.005145216178789e-07,7.150563305913238e-07
999001,1.0,0.0003219584177713841,0.0003219584177713841,1.0199556754741934e-06,6.134842465144175e-07
