step,reward,grad_theta_J_norms,hypergradient_norms,final_product_norms,critic_loss
1,29.701494216918945,0.6158142685890198,0.6158142685890198,1.2405750751495361,0.16532810032367706
2001,26.79166603088379,0.49297061562538147,0.49297061562538147,1.0803818702697754,0.2306736260652542
4001,26.639999389648438,0.4301389753818512,0.4301389753818512,1.010373592376709,0.3470442593097687
6001,22.988372802734375,0.3089873492717743,0.3089873492717743,2.335685968399048,0.4111787974834442
8001,21.376344680786133,0.11304358392953873,0.11304358392953873,0.23735184967517853,0.5020716786384583
10001,20.83333396911621,0.09896441549062729,0.09896441549062729,0.17639043927192688,0.625238299369812
12001,22.088890075683594,0.1232001855969429,0.1232001855969429,1.7401986122131348,0.6355704665184021
14001,21.148935317993164,0.21848636865615845,0.21848636865615845,0.6139905452728271,0.8518868684768677
16001,21.74444580078125,0.39762434363365173,0.39762434363365173,0.7338337898254395,0.892019510269165
18001,21.010526657104492,0.49306559562683105,0.49306559562683105,0.6550357937812805,0.9901763796806335
20001,22.211111068725586,0.6752970218658447,0.6752970218658447,1.6688085794448853,1.033704400062561
22001,20.381444931030273,0.773653507232666,0.773653507232666,23.29885482788086,1.1012182235717773
24001,20.71875,0.7358487844467163,0.7358487844467163,0.5662968754768372,1.2371582984924316
26001,22.056180953979492,0.7115321159362793,0.7115321159362793,0.8797647356987,1.3595960140228271
28001,23.174419403076172,0.6717742085456848,0.6717742085456848,0.556058943271637,1.4308340549468994
30001,22.494253158569336,0.5942695140838623,0.5942695140838623,0.7318011522293091,1.707219123840332
32001,26.144737243652344,0.5515013337135315,0.5515013337135315,0.6664162278175354,1.9634121656417847
34001,22.942527770996094,0.6766512393951416,0.6766512393951416,0.6613134145736694,1.926358699798584
36001,25.227848052978516,0.5352575778961182,0.5352575778961182,0.3437644839286804,2.3164405822753906
38001,27.369863510131836,0.5458232164382935,0.5458232164382935,0.6730382442474365,2.0005829334259033
40001,30.41538429260254,0.5860694050788879,0.5860694050788879,0.3348918855190277,2.2759604454040527
42001,28.299999237060547,0.5419974327087402,0.5419974327087402,0.7839486002922058,2.446031332015991
44001,31.0625,0.4922511577606201,0.4922511577606201,0.8335933089256287,2.350313901901245
46001,40.65306091308594,0.4245907664299011,0.4245907962322235,0.5747997760772705,2.735764741897583
48001,37.32075500488281,0.4780125916004181,0.4780125916004181,0.2928260564804077,2.7305386066436768
50001,44.31111145019531,0.4169374406337738,0.4169374406337738,0.5073920488357544,2.7218925952911377
52001,40.14285659790039,0.43732336163520813,0.43732336163520813,0.6553691625595093,2.915105104446411
54001,47.0476188659668,0.4007289707660675,0.4007289707660675,0.3458107113838196,2.87931752204895
56001,51.17948913574219,0.5326992273330688,0.5326992273330688,1.1333242654800415,2.4378278255462646
58001,45.340911865234375,0.42653343081474304,0.42653343081474304,0.2697480022907257,2.9815597534179688
60001,55.16666793823242,0.41881507635116577,0.41881507635116577,0.459371954202652,2.4993114471435547
62001,53.47222137451172,0.40383410453796387,0.40383410453796387,0.3680887520313263,2.6147680282592773
64001,56.400001525878906,0.5173810720443726,0.5173810720443726,0.5269202589988708,2.672720193862915
66001,79.47999572753906,0.2965538203716278,0.2965538501739502,0.6674826741218567,1.8754525184631348
68001,67.20689392089844,0.4534827470779419,0.4534827470779419,0.5526993870735168,1.987975001335144
70001,57.0,0.40102067589759827,0.40102067589759827,0.560187041759491,2.1857035160064697
72001,66.48275756835938,0.42664071917533875,0.42664071917533875,0.3565564751625061,2.033884286880493
74001,66.55172729492188,0.38802850246429443,0.38802850246429443,0.44078707695007324,2.289135456085205
76001,94.0,0.322017103433609,0.322017103433609,0.38736653327941895,1.6201311349868774
78001,86.91304779052734,0.5311853289604187,0.5311853289604187,1.8215579986572266,1.5585650205612183
80001,75.5769271850586,0.32267093658447266,0.32267093658447266,0.429798424243927,1.7437503337860107
82001,107.8888931274414,0.35176244378089905,0.35176244378089905,0.21373924612998962,1.2898885011672974
84001,114.88235473632812,0.36116382479667664,0.36116382479667664,0.43924328684806824,1.7929686307907104
86001,107.11111450195312,0.2839907705783844,0.283990740776062,0.3600170314311981,1.516428828239441
88001,116.5882339477539,0.3168153464794159,0.3168153464794159,0.3986641466617584,1.4181848764419556
90001,132.1333465576172,0.3189396560192108,0.3189396560192108,0.36054837703704834,1.4390674829483032
92001,143.23077392578125,0.3762945532798767,0.3762945532798767,0.3658177852630615,1.4329560995101929
94001,128.2666778564453,0.47524264454841614,0.47524264454841614,0.5524020195007324,1.5360957384109497
96001,124.25,0.4959377646446228,0.4959377646446228,0.18241490423679352,1.4705193042755127
98001,126.93334197998047,0.2728728950023651,0.2728728950023651,0.3821270763874054,1.7155025005340576
100001,153.61538696289062,0.35154542326927185,0.35154542326927185,0.5816422700881958,1.5957221984863281
102001,110.8888931274414,0.2525670826435089,0.2525670826435089,0.1257970631122589,2.6654224395751953
104001,158.25,0.28019288182258606,0.28019288182258606,0.4387984871864319,1.3654311895370483
106001,141.0,0.22162897884845734,0.22162897884845734,0.36270180344581604,1.8168855905532837
108001,160.9166717529297,0.33831149339675903,0.33831149339675903,0.38504713773727417,0.9539726376533508
110001,153.0,0.24014633893966675,0.24014633893966675,0.2601079046726227,1.2254952192306519
112001,125.93334197998047,0.34337118268013,0.34337118268013,0.362851083278656,1.5910406112670898
114001,146.38462829589844,0.7431128025054932,0.7431128025054932,1.2250828742980957,1.5046311616897583
116001,156.08334350585938,0.26679810881614685,0.26679810881614685,0.2734161615371704,0.8189470171928406
118001,189.3000030517578,0.16253936290740967,0.16253936290740967,0.2028631567955017,0.9268826246261597
120001,161.4166717529297,0.19913730025291443,0.19913730025291443,0.21951070427894592,0.7587956786155701
122001,166.33334350585938,0.19512052834033966,0.19512052834033966,0.19041763246059418,1.1067054271697998
124001,199.6999969482422,0.27644139528274536,0.27644139528274536,0.29536375403404236,0.6366879343986511
126001,191.0,0.3807024359703064,0.3807024359703064,0.4417019486427307,0.6156787276268005
128001,196.10000610351562,0.2718759775161743,0.2718759775161743,0.32000163197517395,0.9306720495223999
130001,220.25,0.20858143270015717,0.20858143270015717,0.26932090520858765,0.5869829058647156
132001,222.0,0.3028944134712219,0.3028944134712219,0.3352441191673279,0.397544264793396
134001,226.25,0.423520028591156,0.423520028591156,0.429104745388031,0.3703296184539795
136001,208.0,0.1666383445262909,0.1666383445262909,0.17185530066490173,0.4882230758666992
138001,200.7777862548828,0.1699470579624176,0.1699470579624176,0.15785522758960724,1.1238888502120972
140001,207.11111450195312,0.16821794211864471,0.16821794211864471,0.16786569356918335,1.1747058629989624
142001,255.00001525878906,0.22230124473571777,0.22230124473571777,0.26989269256591797,0.3781079947948456
144001,253.4285888671875,0.23645173013210297,0.23645173013210297,0.2916511595249176,0.3973727524280548
146001,290.16668701171875,0.15188400447368622,0.15188400447368622,0.16018441319465637,0.9253934621810913
148001,262.0,0.35177409648895264,0.35177409648895264,0.2857431471347809,0.3060426712036133
150001,262.0,0.14577360451221466,0.14577358961105347,0.14048968255519867,1.2850779294967651
152001,283.0,0.20913627743721008,0.20913627743721008,0.18552540242671967,1.2309812307357788
154001,274.71429443359375,0.1288965344429016,0.1288965344429016,0.1387331783771515,1.026328444480896
156001,330.0,0.2787044942378998,0.2787044942378998,0.23001965880393982,0.40310367941856384
158001,310.3333435058594,0.1577940434217453,0.1577940434217453,0.1420672982931137,0.3410978615283966
160001,328.16668701171875,0.4025547504425049,0.4025547504425049,0.36957210302352905,0.5841115117073059
162001,342.20001220703125,0.11783650517463684,0.11783650517463684,0.14035508036613464,0.3603340685367584
164001,345.3999938964844,0.3388892710208893,0.3388892710208893,0.3025842607021332,0.596970796585083
166001,439.75,0.09828482568264008,0.09828482568264008,0.0778239518404007,2.0088582038879395
168001,332.0,0.26312723755836487,0.26312723755836487,0.28745725750923157,1.1470378637313843
170001,328.5,0.16963762044906616,0.16963762044906616,0.16422738134860992,1.1558653116226196
172001,388.20001220703125,0.47518235445022583,0.47518235445022583,0.4144602417945862,1.0639050006866455
174001,445.5,0.3101050853729248,0.3101050555706024,0.2516382038593292,1.4313509464263916
176001,446.75,0.13227634131908417,0.13227634131908417,0.07690031826496124,2.1605494022369385
178001,361.6000061035156,0.24345757067203522,0.24345757067203522,0.17491164803504944,1.850425124168396
180001,384.20001220703125,0.11240725219249725,0.11240725219249725,0.058017175644636154,2.658247709274292
182001,396.6000061035156,0.24635151028633118,0.24635151028633118,0.20157191157341003,2.5387589931488037
184001,452.75,0.3447500467300415,0.3447500467300415,0.24336537718772888,1.2797456979751587
186001,483.25,0.09955362975597382,0.09955362975597382,0.06074933707714081,3.4210948944091797
188001,391.75,0.2252795249223709,0.2252795249223709,0.16864033043384552,2.9292876720428467
190001,397.75,0.09650033712387085,0.09650033712387085,0.06529107689857483,4.642675876617432
192001,463.5,0.36999034881591797,0.36999034881591797,0.283845454454422,1.0784145593643188
194001,472.0,0.24508634209632874,0.24508634209632874,0.16376668214797974,2.7293713092803955
196001,493.75,0.18899574875831604,0.18899574875831604,0.11772356927394867,2.2979788780212402
198001,426.5,0.07236839085817337,0.07236839085817337,0.036901816725730896,3.1732258796691895
200001,500.0,0.04152626544237137,0.04152626544237137,0.021186156198382378,5.693829536437988
202001,500.0,0.10953279584646225,0.10953279584646225,0.07635893672704697,4.974553108215332
204001,426.25,0.050079766660928726,0.050079766660928726,0.06694743782281876,4.534377098083496
206001,439.75,0.13891534507274628,0.13891534507274628,0.11487635970115662,4.855262279510498
208001,474.5,0.11734811961650848,0.11734811961650848,0.09195985645055771,4.8593854904174805
210001,500.0,0.12177080661058426,0.12177080661058426,0.13862575590610504,4.921006202697754
212001,500.0,0.09652311354875565,0.09652311354875565,0.04491979256272316,6.931138515472412
214001,500.0,0.1115906611084938,0.1115906611084938,0.07374665886163712,5.302353858947754
216001,500.0,0.0951591208577156,0.09515911340713501,0.059012312442064285,6.6141557693481445
218001,500.0,0.12877310812473297,0.12877310812473297,0.13167282938957214,5.712428092956543
220001,500.0,0.0893445760011673,0.0893445760011673,0.04610706865787506,6.87585973739624
222001,500.0,0.23840850591659546,0.23840850591659546,0.1286730170249939,5.41887903213501
224001,500.0,0.15190553665161133,0.15190555155277252,0.0007105934782885015,6.891709327697754
226001,474.25,0.10741138458251953,0.10741138458251953,0.05311598256230354,5.903405666351318
228001,500.0,0.052213989198207855,0.052213989198207855,0.027893558144569397,7.259037017822266
230001,500.0,0.05697638541460037,0.05697638541460037,0.01887805014848709,7.929642200469971
232001,500.0,0.07160300761461258,0.07160300761461258,0.018195245414972305,7.060488700866699
234001,500.0,0.23731647431850433,0.23731647431850433,0.23948551714420319,5.36931848526001
236001,500.0,0.01161345187574625,0.01161345187574625,0.004016376566141844,8.074502944946289
238001,500.0,0.06972452253103256,0.06972452253103256,0.04178902134299278,6.972655296325684
240001,500.0,0.04660211503505707,0.04660211503505707,0.02381681650876999,7.928874969482422
242001,500.0,0.14732611179351807,0.14732611179351807,0.09444373846054077,6.896678924560547
244001,500.0,0.037585966289043427,0.037585966289043427,0.021177325397729874,7.243314266204834
246001,500.0,0.16885051131248474,0.16885051131248474,0.18044820427894592,7.917788505554199
248001,478.25,0.09518563747406006,0.09518563747406006,0.05741496384143829,6.067036151885986
250001,488.75,0.08028589189052582,0.08028589189052582,0.06709341704845428,6.834993362426758
252001,500.0,0.09133412688970566,0.09133412688970566,0.01354388240724802,7.913487911224365
254001,453.0,0.20656010508537292,0.20656010508537292,0.06917638331651688,6.207947254180908
256001,500.0,0.10961073637008667,0.10961073637008667,0.07444735616445541,7.759067058563232
258001,500.0,0.11677411943674088,0.11677411943674088,0.09742049127817154,8.12409496307373
260001,500.0,0.23267892003059387,0.23267892003059387,0.1740855723619461,6.247257709503174
262001,483.0,0.297859251499176,0.297859251499176,0.16069234907627106,4.923239231109619
264001,493.25,0.1361803561449051,0.1361803561449051,0.14138548076152802,6.157258033752441
266001,500.0,0.03715805336833,0.0371580496430397,0.021567853167653084,5.974107265472412
268001,500.0,0.12524132430553436,0.12524132430553436,0.05064663663506508,6.948941707611084
270001,500.0,0.15542536973953247,0.15542536973953247,0.0892685279250145,7.802468299865723
272001,500.0,0.062144823372364044,0.062144823372364044,0.03761459141969681,8.962992668151855
274001,500.0,0.08792326599359512,0.08792326599359512,0.060819465667009354,8.085887908935547
276001,500.0,0.03447777032852173,0.03447777032852173,0.014834870584309101,7.0705718994140625
278001,476.25,0.11268504709005356,0.11268504709005356,0.05552823469042778,8.532647132873535
280001,497.5,0.05469247326254845,0.05469247326254845,0.016992781311273575,9.117687225341797
282001,500.0,0.06606998294591904,0.06606999039649963,0.028572620823979378,9.437845230102539
284001,500.0,0.044621791690588,0.044621791690588,0.04120982065796852,9.954367637634277
286001,500.0,0.1317615807056427,0.1317615807056427,0.054911285638809204,9.228529930114746
288001,500.0,0.0561831034719944,0.0561831034719944,0.05935244262218475,9.152048110961914
290001,500.0,0.028462771326303482,0.02846277318894863,0.007540472783148289,9.99804973602295
292001,500.0,0.164301335811615,0.164301335811615,0.1401520073413849,9.0497465133667
294001,500.0,0.08562655001878738,0.08562655001878738,0.00158304488286376,8.496013641357422
296001,490.75,0.3425464928150177,0.3425464928150177,0.01650726981461048,6.738996505737305
298001,500.0,0.14371544122695923,0.14371544122695923,0.1235804483294487,9.331487655639648
300001,500.0,0.06895214319229126,0.06895214319229126,0.020340073853731155,7.958447456359863
302001,500.0,0.13700057566165924,0.13700057566165924,0.004654254298657179,7.747708797454834
304001,500.0,0.20097707211971283,0.20097707211971283,0.053238626569509506,8.474061965942383
306001,500.0,0.17003026604652405,0.17003026604652405,0.11648798733949661,10.530580520629883
308001,500.0,0.16713200509548187,0.16713200509548187,0.03752262145280838,10.071599006652832
310001,500.0,0.11894839257001877,0.11894839257001877,0.03949698433279991,8.517852783203125
312001,500.0,0.11825010925531387,0.11825011670589447,0.09991887956857681,10.447518348693848
314001,500.0,0.05407333001494408,0.05407333001494408,0.045926932245492935,10.135797500610352
316001,500.0,0.12790890038013458,0.12790890038013458,0.03138721361756325,10.098121643066406
318001,500.0,0.0298641137778759,0.02986411191523075,0.0005025097052566707,10.773648262023926
320001,500.0,0.07068011164665222,0.07068011164665222,0.031009681522846222,8.73627758026123
322001,500.0,0.047189295291900635,0.047189295291900635,0.01645560748875141,10.639870643615723
324001,491.0,0.2592054009437561,0.2592054009437561,0.1177620217204094,7.942652702331543
326001,500.0,0.10436439514160156,0.10436438769102097,0.0642848089337349,9.464552879333496
328001,500.0,0.06736838817596436,0.06736838817596436,0.04883348569273949,10.632319450378418
330001,500.0,0.08086223900318146,0.08086223900318146,0.041913945227861404,10.518678665161133
332001,480.5,0.10170141607522964,0.10170141607522964,0.013912739232182503,8.653037071228027
334001,499.0,0.09483937174081802,0.09483937174081802,0.006713919807225466,9.707721710205078
336001,500.0,0.08215946704149246,0.08215946704149246,0.003545318963006139,11.409483909606934
338001,500.0,0.12450237572193146,0.12450237572193146,0.11713582277297974,10.50475025177002
340001,493.75,0.08977477997541428,0.08977477997541428,0.028475720435380936,7.947451591491699
342001,500.0,0.06021232157945633,0.06021232530474663,0.0721840187907219,9.68367862701416
344001,500.0,0.04604266583919525,0.04604266583919525,0.010832209140062332,11.36758804321289
346001,491.25,0.09498889744281769,0.09498889744281769,0.07269994914531708,9.114611625671387
348001,500.0,0.1825883537530899,0.1825883537530899,0.022144466638565063,10.887039184570312
350001,500.0,0.13701970875263214,0.13701970875263214,0.05671972408890724,9.41989803314209
352001,500.0,0.03581130877137184,0.03581130877137184,0.04861621931195259,11.507091522216797
354001,500.0,0.0492253452539444,0.0492253452539444,0.018236182630062103,12.551884651184082
356001,465.75,0.10092748701572418,0.10092748701572418,0.033397212624549866,9.14924430847168
358001,500.0,0.1352565586566925,0.1352565586566925,0.000589669041801244,11.574414253234863
360001,500.0,0.026254529133439064,0.026254529133439064,0.011085879988968372,12.266657829284668
362001,500.0,0.04682448133826256,0.04682448133826256,0.0360528938472271,11.57994270324707
364001,500.0,0.08607157319784164,0.08607156574726105,0.0714055746793747,11.048295974731445
366001,500.0,0.04863448813557625,0.04863448813557625,0.016228988766670227,11.822795867919922
368001,500.0,0.21367397904396057,0.21367397904396057,0.02460414543747902,11.381277084350586
370001,500.0,0.10780978947877884,0.10780978947877884,0.11349937319755554,11.400506019592285
372001,500.0,0.07279954105615616,0.07279954105615616,0.019776834174990654,10.232939720153809
374001,500.0,0.0954543873667717,0.0954543873667717,0.05101541057229042,11.641005516052246
376001,500.0,0.06444410234689713,0.06444410234689713,0.008040480315685272,10.179816246032715
378001,500.0,0.02658168226480484,0.02658168226480484,0.00311369844712317,12.543193817138672
380001,500.0,0.036427389830350876,0.036427389830350876,0.015741631388664246,10.97385311126709
382001,500.0,0.11481054127216339,0.11481054127216339,0.056062955409288406,10.411262512207031
384001,500.0,0.14951355755329132,0.14951355755329132,0.05735848471522331,11.062006950378418
386001,500.0,0.04302239790558815,0.04302239790558815,0.02368658408522606,11.823966979980469
388001,500.0,0.08795757591724396,0.08795757591724396,0.00822023581713438,11.791272163391113
390001,500.0,0.04690276458859444,0.04690276458859444,0.020710118114948273,11.534712791442871
392001,500.0,0.12841156125068665,0.12841156125068665,0.01696762815117836,10.691216468811035
394001,500.0,0.06670509278774261,0.06670509278774261,0.04301883280277252,11.010477066040039
396001,500.0,0.030673719942569733,0.030673719942569733,0.02519623376429081,13.21484088897705
398001,500.0,0.11085574328899384,0.11085574328899384,0.03815825283527374,10.769540786743164
400001,500.0,0.08001203089952469,0.08001203089952469,0.046677201986312866,11.096532821655273
402001,500.0,0.03484351933002472,0.03484351933002472,0.010585044510662556,12.340582847595215
404001,500.0,0.15419764816761017,0.15419764816761017,0.08725778758525848,12.34117317199707
406001,500.0,0.02379775606095791,0.02379775606095791,0.02346176654100418,12.573697090148926
408001,500.0,0.08990350365638733,0.08990351110696793,0.0174100399017334,11.993462562561035
410001,500.0,0.04263761639595032,0.04263761639595032,0.015734035521745682,12.685446739196777
412001,500.0,0.047052573412656784,0.047052573412656784,0.021977508440613747,12.001748085021973
414001,500.0,0.15538017451763153,0.15538017451763153,0.04270925745368004,11.781022071838379
416001,500.0,0.061945825815200806,0.061945825815200806,0.013364948332309723,12.800260543823242
418001,500.0,0.039903927594423294,0.039903927594423294,0.01183902658522129,13.252970695495605
420001,500.0,0.2456529140472412,0.2456529140472412,0.03733215853571892,12.475028038024902
422001,500.0,0.041617002338171005,0.041617002338171005,0.023190287873148918,11.889230728149414
424001,500.0,0.22560255229473114,0.22560255229473114,0.10825338959693909,12.445513725280762
426001,500.0,0.1204618513584137,0.1204618513584137,0.0006623023073188961,13.520120620727539
428001,500.0,0.05504697933793068,0.05504697933793068,0.0017079737735912204,12.784276008605957
430001,500.0,0.029306840151548386,0.029306840151548386,0.007949566468596458,12.769765853881836
432001,500.0,0.0590890496969223,0.0590890496969223,0.030347468331456184,13.074039459228516
434001,500.0,0.02226082794368267,0.02226082794368267,9.050760127138346e-05,12.395027160644531
436001,500.0,0.18831896781921387,0.18831896781921387,0.032972149550914764,12.08791732788086
438001,500.0,0.4977540373802185,0.4977540373802185,0.11779553443193436,9.987366676330566
440001,500.0,0.1437082141637802,0.1437082141637802,0.029197873547673225,10.266727447509766
442001,500.0,0.18357448279857635,0.18357448279857635,0.10798187553882599,11.649168014526367
444001,500.0,0.136898934841156,0.136898934841156,0.06512930244207382,12.722586631774902
446001,500.0,0.037903882563114166,0.037903882563114166,0.018989676609635353,13.184530258178711
448001,500.0,0.0881982147693634,0.0881982147693634,0.07310657948255539,14.30319881439209
450001,500.0,0.08999631553888321,0.08999631553888321,0.00270716636441648,13.732836723327637
452001,500.0,0.10765613615512848,0.10765613615512848,0.09385643899440765,12.911625862121582
454001,500.0,0.026980731636285782,0.026980731636285782,0.02429242618381977,13.716765403747559
456001,500.0,0.08942332118749619,0.08942332118749619,0.011890226975083351,13.703088760375977
458001,500.0,0.0443587563931942,0.0443587563931942,0.014142191037535667,13.232707977294922
460001,500.0,0.08551345765590668,0.08551345765590668,0.013302456587553024,12.6771879196167
462001,500.0,0.039536088705062866,0.039536088705062866,0.0008454475319013,12.63868522644043
464001,500.0,0.031852398067712784,0.031852398067712784,0.006082587409764528,11.759206771850586
466001,500.0,0.05876941233873367,0.05876941233873367,0.012873033992946148,11.996813774108887
468001,500.0,0.11815787106752396,0.11815787106752396,0.061054639518260956,12.850558280944824
470001,500.0,0.05669567361474037,0.05669567361474037,0.04547137767076492,11.751850128173828
472001,500.0,0.09630230069160461,0.09630230069160461,0.053728777915239334,10.371038436889648
474001,500.0,0.04224654287099838,0.042246539145708084,0.01654438115656376,11.500627517700195
476001,500.0,0.06594649702310562,0.06594649702310562,0.024596689268946648,11.346714973449707
478001,500.0,0.11365500092506409,0.11365500092506409,0.06014223396778107,11.331109046936035
480001,500.0,0.12596745789051056,0.12596745789051056,0.07664960622787476,11.73859691619873
482001,500.0,0.035281646996736526,0.035281646996736526,0.016139371320605278,11.172377586364746
484001,500.0,0.07878411561250687,0.07878411561250687,0.03178955614566803,11.613260269165039
486001,500.0,0.1108655110001564,0.1108655110001564,0.06615207344293594,11.633788108825684
488001,500.0,0.029322225600481033,0.029322225600481033,0.011088106781244278,13.084786415100098
490001,500.0,0.03538735583424568,0.03538735583424568,0.02571116015315056,10.031132698059082
492001,500.0,0.11409177631139755,0.11409177631139755,0.09306652843952179,10.48245620727539
494001,500.0,0.09816277772188187,0.09816277772188187,0.01777016744017601,13.446747779846191
496001,500.0,0.12590621411800385,0.12590621411800385,0.3633776307106018,13.170208930969238
498001,462.0,0.19958557188510895,0.19958557188510895,0.1066274344921112,11.589826583862305
500001,500.0,0.06534645706415176,0.06534645706415176,0.019655192270874977,13.326753616333008
502001,500.0,0.05772561579942703,0.05772561579942703,0.015551751479506493,12.317411422729492
504001,500.0,0.060530610382556915,0.060530610382556915,0.000496220076456666,11.268962860107422
506001,500.0,0.083466537296772,0.083466537296772,0.01389218121767044,13.298093795776367
508001,500.0,0.057699836790561676,0.057699836790561676,0.06366504728794098,13.037955284118652
510001,500.0,0.05347456410527229,0.05347456410527229,0.02056438848376274,14.008513450622559
512001,500.0,0.07599718123674393,0.07599718123674393,0.002785307355225086,13.364182472229004
514001,500.0,0.13737525045871735,0.13737525045871735,0.07004878669977188,12.997276306152344
516001,500.0,0.026230094954371452,0.0262300968170166,0.0015539361629635096,13.349153518676758
518001,500.0,0.03112129680812359,0.03112129680812359,0.005504231434315443,13.402780532836914
520001,500.0,0.17035959661006927,0.17035959661006927,0.058888643980026245,13.176058769226074
522001,500.0,0.07058542221784592,0.07058542221784592,0.03576144576072693,13.120638847351074
524001,500.0,0.058333221822977066,0.058333221822977066,0.03848821669816971,13.675204277038574
526001,500.0,0.08565978705883026,0.08565978705883026,0.043948978185653687,12.748857498168945
528001,500.0,0.11069060117006302,0.11069060117006302,0.010467666201293468,13.890613555908203
530001,500.0,0.03219619393348694,0.03219619393348694,0.0029806112870573997,13.977723121643066
532001,500.0,0.08012417703866959,0.08012417703866959,0.0010781115852296352,12.473539352416992
534001,500.0,0.07446332275867462,0.07446332275867462,0.045154474675655365,13.733681678771973
536001,500.0,0.06191162392497063,0.06191162392497063,0.060750555247068405,13.192523956298828
538001,500.0,0.13834378123283386,0.13834378123283386,0.1944747418165207,12.620261192321777
540001,500.0,0.15254905819892883,0.15254905819892883,0.038321323692798615,13.814257621765137
542001,500.0,0.05858177691698074,0.05858178064227104,0.024084722623229027,14.857694625854492
544001,500.0,0.11935871094465256,0.11935871094465256,0.014440522529184818,14.701201438903809
546001,500.0,0.04853692650794983,0.04853692650794983,0.014418118633329868,12.978721618652344
548001,500.0,0.06983645260334015,0.06983645260334015,0.010707516223192215,13.846190452575684
550001,500.0,0.10233312100172043,0.10233312100172043,0.03308948129415512,14.827125549316406
552001,500.0,0.049111854285001755,0.049111854285001755,0.0056840041652321815,13.88709831237793
554001,500.0,0.2054954320192337,0.2054954320192337,0.06635859608650208,14.250834465026855
556001,500.0,0.1054353266954422,0.1054353266954422,0.05347992479801178,13.843883514404297
558001,500.0,0.020514389500021935,0.020514389500021935,0.0013565971748903394,13.823545455932617
560001,500.0,0.06237553805112839,0.06237553805112839,0.03785020858049393,13.415449142456055
562001,500.0,0.07127878814935684,0.07127878814935684,0.01434351410716772,14.304384231567383
564001,500.0,0.11120434105396271,0.11120434105396271,0.002646808745339513,14.1066312789917
566001,500.0,0.12136071920394897,0.12136071920394897,0.02120654471218586,15.10377025604248
568001,500.0,0.12122386693954468,0.12122386693954468,0.03702595457434654,15.01715087890625
570001,500.0,0.020115794613957405,0.020115792751312256,0.019318468868732452,15.543663024902344
572001,500.0,0.027966279536485672,0.027966279536485672,0.011352221481502056,14.74743366241455
574001,500.0,0.05465929955244064,0.05465929955244064,0.030133351683616638,12.91483211517334
576001,500.0,0.10155384987592697,0.10155384987592697,0.019469473510980606,14.010364532470703
578001,500.0,0.034849174320697784,0.034849174320697784,0.017571544274687767,14.3560209274292
580001,500.0,0.15350720286369324,0.15350720286369324,0.004316877108067274,14.521913528442383
582001,500.0,0.12416855245828629,0.12416855245828629,0.07536133378744125,14.561558723449707
584001,500.0,0.053789958357810974,0.053789958357810974,0.07466216385364532,15.015215873718262
586001,500.0,0.06064262613654137,0.06064262613654137,0.0024397645611315966,14.541656494140625
588001,500.0,0.033421698957681656,0.033421698957681656,0.00916789099574089,14.127103805541992
590001,500.0,0.12193053215742111,0.12193053215742111,0.09465903043746948,14.677327156066895
592001,500.0,0.10012083500623703,0.10012083500623703,0.02508164383471012,13.740152359008789
594001,500.0,0.10665205121040344,0.10665205121040344,0.01754627376794815,14.173334121704102
596001,500.0,0.015217902138829231,0.015217902138829231,0.00010328526695957407,14.984713554382324
598001,500.0,0.02258513681590557,0.02258513867855072,0.03567196801304817,15.020402908325195
600001,500.0,0.05956173315644264,0.05956173315644264,0.007531844079494476,14.891671180725098
602001,500.0,0.23396097123622894,0.23396097123622894,0.2550879716873169,13.184151649475098
604001,500.0,0.1440020650625229,0.1440020650625229,0.03687753900885582,14.726609230041504
606001,500.0,0.09078574180603027,0.09078574180603027,0.011383934877812862,15.172886848449707
608001,500.0,0.16604776680469513,0.16604776680469513,0.02351802960038185,14.13898754119873
610001,500.0,0.042861390858888626,0.042861390858888626,0.039161939173936844,14.418037414550781
612001,500.0,0.06478986889123917,0.06478986889123917,0.03180161118507385,14.441563606262207
614001,500.0,0.22317847609519958,0.22317847609519958,0.06702648103237152,12.724613189697266
616001,500.0,0.1606132835149765,0.1606132835149765,0.06135226786136627,13.218055725097656
618001,500.0,0.14560793340206146,0.14560793340206146,0.004361029714345932,12.416186332702637
620001,500.0,0.04966961219906807,0.04966961219906807,0.0014867614954710007,13.383820533752441
622001,500.0,0.0768403634428978,0.0768403634428978,0.04619356244802475,12.894970893859863
624001,500.0,0.038630735129117966,0.038630735129117966,0.0030196616426110268,14.976622581481934
626001,500.0,0.13375966250896454,0.13375966250896454,0.015215638093650341,12.417525291442871
628001,500.0,0.23467496037483215,0.23467496037483215,0.06506914645433426,13.331541061401367
630001,500.0,0.08694048970937729,0.08694048970937729,0.03881315514445305,12.465231895446777
632001,500.0,0.11948837339878082,0.11948837339878082,0.10976691544055939,14.648475646972656
634001,500.0,0.05608581379055977,0.05608581379055977,0.021188994869589806,13.618542671203613
636001,500.0,0.04454461857676506,0.04454461857676506,0.0030509016942232847,15.909402847290039
638001,500.0,0.02829986996948719,0.02829986996948719,0.0150082902982831,15.440685272216797
640001,500.0,0.05271134525537491,0.05271134525537491,0.008968884125351906,15.03756046295166
642001,500.0,0.06758740544319153,0.06758740544319153,0.02383176051080227,14.72852611541748
644001,500.0,0.01447352021932602,0.01447352021932602,0.04866893216967583,14.490242004394531
646001,500.0,0.05935795605182648,0.059357959777116776,0.020907623693346977,15.958727836608887
648001,500.0,0.11957249790430069,0.11957249790430069,0.05852443724870682,13.534916877746582
650001,500.0,0.023503683507442474,0.023503683507442474,0.003517715958878398,14.335038185119629
652001,500.0,0.09861144423484802,0.09861144423484802,0.12058863043785095,13.1661376953125
654001,500.0,0.2682460844516754,0.2682460844516754,0.042953092604875565,10.900716781616211
656001,500.0,0.03387003764510155,0.03387003764510155,0.008512054570019245,10.873763084411621
658001,500.0,0.09240590780973434,0.09240590780973434,0.032877009361982346,11.70677375793457
660001,500.0,0.1679352968931198,0.1679352968931198,0.05705792456865311,11.798104286193848
662001,500.0,0.1840190589427948,0.1840190589427948,0.11002413928508759,10.104751586914062
664001,500.0,0.18367977440357208,0.18367977440357208,0.049796126782894135,12.573931694030762
666001,500.0,0.4141521155834198,0.4141521155834198,0.0492873452603817,10.414156913757324
668001,500.0,0.16515949368476868,0.16515949368476868,0.016167713329195976,13.055895805358887
670001,500.0,0.04196205362677574,0.04196205362677574,0.007101281546056271,16.985849380493164
672001,500.0,0.017293216660618782,0.017293216660618782,0.0020741415210068226,15.437307357788086
674001,500.0,0.05557331070303917,0.05557331070303917,0.08602693676948547,15.72880744934082
676001,500.0,0.14428439736366272,0.14428439736366272,0.1113944724202156,16.256380081176758
678001,500.0,0.023539049550890923,0.023539049550890923,0.010564659722149372,14.491857528686523
680001,500.0,0.12860800325870514,0.12860800325870514,0.04841356351971626,15.41800594329834
682001,500.0,0.07724840193986893,0.07724840193986893,0.09076716750860214,16.23760414123535
684001,500.0,0.09486182779073715,0.09486182779073715,0.0013705735327675939,15.640668869018555
686001,500.0,0.18787814676761627,0.18787814676761627,0.02278229221701622,16.12193489074707
688001,500.0,0.11156771332025528,0.11156771332025528,0.009909367188811302,15.108627319335938
690001,500.0,0.035188984125852585,0.035188984125852585,0.057370781898498535,15.32397747039795
692001,500.0,0.04010135307908058,0.04010135307908058,0.014322168193757534,16.02355194091797
694001,500.0,0.0846276581287384,0.0846276581287384,0.0017330182017758489,15.890108108520508
696001,500.0,0.08154498040676117,0.08154498040676117,0.03394227847456932,14.393038749694824
698001,500.0,0.1365382969379425,0.1365382969379425,0.0397627018392086,15.988346099853516
700001,500.0,0.10310044884681702,0.10310044884681702,0.053887974470853806,15.76262378692627
702001,500.0,0.08411479741334915,0.08411479741334915,0.08338721096515656,15.80521297454834
704001,500.0,0.06321883201599121,0.06321883201599121,0.02992008440196514,16.858741760253906
706001,500.0,0.16192585229873657,0.16192585229873657,0.03245609626173973,16.06084632873535
708001,500.0,0.14986971020698547,0.14986971020698547,0.07142986357212067,15.590892791748047
710001,500.0,0.04356229305267334,0.04356229305267334,0.0014223972102627158,16.42923927307129
712001,500.0,0.18135268986225128,0.18135268986225128,0.0387575589120388,15.658405303955078
714001,500.0,0.13320297002792358,0.13320297002792358,0.1069931611418724,14.164861679077148
716001,500.0,0.09887153655290604,0.09887153655290604,0.02417854219675064,15.535261154174805
718001,500.0,0.21233497560024261,0.21233497560024261,0.033886101096868515,15.650350570678711
720001,500.0,0.13932278752326965,0.13932278752326965,0.01049477607011795,15.03030014038086
722001,500.0,0.1580912470817566,0.1580912470817566,0.007525255903601646,15.39486026763916
724001,500.0,0.14663182199001312,0.14663182199001312,0.026230672374367714,15.920862197875977
726001,500.0,0.03333202004432678,0.03333202004432678,0.0076606906950473785,16.061372756958008
728001,500.0,0.2947201132774353,0.2947201132774353,0.2028363049030304,16.313335418701172
730001,500.0,0.14980247616767883,0.14980247616767883,0.0239401888102293,16.378692626953125
732001,500.0,0.14019852876663208,0.14019852876663208,0.023382212966680527,15.950702667236328
734001,500.0,0.06073002889752388,0.06073002889752388,0.050844404846429825,13.725516319274902
736001,500.0,0.06692778319120407,0.06692778319120407,0.03366487845778465,14.442893028259277
738001,500.0,0.13950662314891815,0.13950662314891815,0.05330290645360947,13.641332626342773
740001,500.0,0.2760043442249298,0.2760043442249298,0.007430406287312508,12.902161598205566
742001,500.0,0.27508339285850525,0.27508339285850525,0.03235788643360138,12.496732711791992
744001,500.0,0.2721748948097229,0.2721748948097229,0.04816662520170212,12.236303329467773
746001,500.0,0.26210665702819824,0.26210665702819824,0.21704675257205963,12.889655113220215
748001,500.0,0.07326129823923111,0.07326129823923111,0.0264035202562809,16.282142639160156
750001,500.0,0.35569387674331665,0.35569387674331665,0.2887949049472809,15.90807819366455
752001,426.5,0.14236238598823547,0.14236238598823547,0.05193575471639633,13.610913276672363
754001,500.0,0.07616563886404037,0.07616563886404037,0.05595298856496811,16.729366302490234
756001,500.0,0.05432794243097305,0.05432794243097305,0.019218916073441505,16.256694793701172
758001,500.0,0.03955937176942825,0.03955937176942825,0.0189363956451416,16.64061737060547
760001,500.0,0.02908364310860634,0.02908364310860634,0.0022973990999162197,16.907075881958008
762001,500.0,0.019638577476143837,0.019638577476143837,0.004096587188541889,16.40720558166504
764001,500.0,0.04765228554606438,0.04765228554606438,0.0027590603567659855,16.391658782958984
766001,500.0,0.09879443049430847,0.09879443049430847,0.0007489640265703201,16.70438003540039
768001,500.0,0.14150284230709076,0.14150284230709076,0.017398593947291374,15.895743370056152
770001,500.0,0.04596531018614769,0.04596531018614769,0.009105080738663673,16.099998474121094
772001,500.0,0.08895561844110489,0.08895561844110489,0.020970061421394348,16.38912582397461
774001,500.0,0.04741492122411728,0.04741492122411728,0.019228847697377205,16.92353630065918
776001,500.0,0.04573553800582886,0.04573553800582886,0.003261719597503543,16.32480812072754
778001,500.0,0.08710035681724548,0.08710035681724548,0.012213636189699173,15.627655982971191
780001,500.0,0.05116220936179161,0.05116220936179161,0.012207775376737118,15.840710639953613
782001,500.0,0.09155475348234177,0.09155475348234177,0.01554329227656126,14.872078895568848
784001,500.0,0.23991535604000092,0.23991535604000092,0.16194011270999908,15.426040649414062
786001,500.0,0.1871977597475052,0.1871977597475052,0.06768271327018738,15.345789909362793
788001,500.0,0.09354687482118607,0.09354687482118607,0.04573482647538185,15.625
790001,500.0,0.1640615016222,0.1640615016222,0.020269140601158142,15.955544471740723
792001,500.0,0.1864565759897232,0.1864565759897232,0.03271346911787987,15.976967811584473
794001,500.0,0.05289877951145172,0.05289877951145172,0.013755345717072487,15.6796293258667
796001,500.0,0.035055726766586304,0.035055726766586304,0.0014697103761136532,16.68642807006836
798001,500.0,0.09045077860355377,0.09045078605413437,0.03605310246348381,16.197341918945312
800001,500.0,0.16975001990795135,0.16975001990795135,0.045238811522722244,16.809900283813477
802001,500.0,0.1262127161026001,0.1262127161026001,0.2053956240415573,15.761236190795898
804001,500.0,0.058197539299726486,0.058197539299726486,0.051666535437107086,16.725866317749023
806001,500.0,0.20501168072223663,0.20501168072223663,0.014130854047834873,15.954445838928223
808001,500.0,0.03348599001765251,0.03348599001765251,0.035821374505758286,16.683120727539062
810001,500.0,0.0589316301047802,0.0589316301047802,0.022716142237186432,16.54735565185547
812001,500.0,0.07899311184883118,0.07899311184883118,0.039263397455215454,17.100704193115234
814001,500.0,0.09488556534051895,0.09488556534051895,0.038625191897153854,16.8421573638916
816001,500.0,0.2549772560596466,0.2549772560596466,0.07184125483036041,16.703086853027344
818001,500.0,0.02017967402935028,0.02017967402935028,0.00929198320955038,17.236236572265625
820001,500.0,0.17365232110023499,0.17365232110023499,0.06241937354207039,16.948938369750977
822001,500.0,0.04910820722579956,0.04910820350050926,0.030394982546567917,16.907129287719727
824001,500.0,0.04413139447569847,0.04413139447569847,0.008003593422472477,17.384552001953125
826001,500.0,0.04946301877498627,0.04946301877498627,0.03747648745775223,16.604719161987305
828001,500.0,0.05410104617476463,0.05410104617476463,0.2546878457069397,16.480979919433594
830001,500.0,0.2088838517665863,0.2088838517665863,0.14125648140907288,16.38646125793457
832001,500.0,0.05324316769838333,0.05324316769838333,0.0027930571231991053,16.09090805053711
834001,500.0,0.16220000386238098,0.16220000386238098,0.03487132117152214,16.459171295166016
836001,500.0,0.14981423318386078,0.14981423318386078,0.03030887059867382,16.0999755859375
838001,500.0,0.18190109729766846,0.18190109729766846,0.0038567103911191225,16.232561111450195
840001,500.0,0.025646289810538292,0.025646289810538292,0.01084815338253975,16.61203384399414
842001,500.0,0.034009598195552826,0.034009598195552826,0.03551569953560829,15.700920104980469
844001,500.0,0.023008307442069054,0.023008307442069054,0.005432784091681242,15.144566535949707
846001,500.0,0.06309890002012253,0.06309890002012253,0.024879248812794685,15.245567321777344
848001,500.0,0.13847623765468597,0.13847623765468597,0.19535888731479645,15.018916130065918
850001,500.0,0.06405117362737656,0.06405117362737656,0.03436650335788727,14.276342391967773
852001,500.0,0.19871670007705688,0.19871670007705688,0.10095783323049545,14.56338882446289
854001,500.0,0.28173625469207764,0.28173625469207764,0.017612280324101448,14.576339721679688
856001,500.0,0.0674244835972786,0.0674244835972786,0.02469981648027897,12.927249908447266
858001,500.0,0.08789312094449997,0.08789312094449997,0.054589368402957916,14.015003204345703
860001,500.0,0.16838592290878296,0.16838592290878296,0.06669043749570847,13.556344032287598
862001,500.0,0.12082437425851822,0.12082438170909882,0.0509159229695797,13.641153335571289
864001,500.0,0.22207415103912354,0.22207415103912354,0.028430961072444916,11.742443084716797
866001,500.0,0.15402109920978546,0.15402109920978546,0.004950405564159155,11.332200050354004
868001,500.0,0.21037955582141876,0.21037955582141876,0.005232100374996662,11.982657432556152
870001,500.0,0.14357204735279083,0.14357204735279083,0.023946944624185562,13.369863510131836
872001,500.0,0.253865122795105,0.253865122795105,0.006009987089782953,13.20407772064209
874001,500.0,0.25418156385421753,0.25418156385421753,0.0006105083739385009,13.950801849365234
876001,500.0,0.08601073920726776,0.08601073920726776,0.09200765192508698,14.060018539428711
878001,500.0,0.20864802598953247,0.20864802598953247,0.15875431895256042,15.802989959716797
880001,500.0,0.13138152658939362,0.13138152658939362,0.01796124316751957,17.87703514099121
882001,500.0,0.13548417389392853,0.13548417389392853,0.11133677512407303,18.40627670288086
884001,500.0,0.0638662800192833,0.0638662800192833,0.03276161104440689,19.06863021850586
886001,500.0,0.3058965802192688,0.3058965802192688,0.2499980479478836,19.15746307373047
888001,500.0,0.1702948361635208,0.1702948361635208,0.03700944408774376,19.490253448486328
890001,500.0,0.2213679999113083,0.2213679999113083,0.44329750537872314,18.771137237548828
892001,500.0,0.12109645456075668,0.12109645456075668,0.005218776874244213,18.318910598754883
894001,500.0,0.05637894943356514,0.05637894943356514,0.006482451222836971,19.314180374145508
896001,500.0,0.06543184816837311,0.06543184816837311,0.00046948922681622207,19.21345329284668
898001,426.75,0.12740710377693176,0.12740710377693176,0.06540077179670334,17.96930503845215
900001,500.0,0.05236228182911873,0.05236228182911873,0.11770083755254745,19.747220993041992
902001,466.25,0.08966076374053955,0.08966076374053955,0.04322470352053642,16.566993713378906
904001,500.0,0.273327499628067,0.273327499628067,0.9915536046028137,19.48052406311035
906001,500.0,0.13543270528316498,0.13543269038200378,0.015296222642064095,18.570640563964844
908001,500.0,0.022205591201782227,0.022205591201782227,0.00571155222132802,18.970792770385742
910001,430.75,0.16427676379680634,0.16427676379680634,9.068942070007324,16.52219581604004
912001,500.0,0.10073813796043396,0.10073813796043396,0.028671924024820328,18.928466796875
914001,500.0,0.19850276410579681,0.19850276410579681,0.2604144215583801,18.700490951538086
916001,500.0,0.02765132673084736,0.02765132673084736,0.021207889541983604,18.653972625732422
918001,500.0,0.17858785390853882,0.17858785390853882,0.011185246519744396,18.421171188354492
920001,500.0,0.2514083683490753,0.2514083683490753,0.12667128443717957,18.742156982421875
922001,500.0,0.02960384078323841,0.02960384078323841,0.005586802493780851,18.40863037109375
924001,500.0,0.16491225361824036,0.16491225361824036,0.17376448214054108,18.908212661743164
926001,500.0,0.1394188404083252,0.1394188404083252,0.08656913787126541,19.146970748901367
928001,500.0,0.024572234600782394,0.024572234600782394,0.007866769097745419,18.660808563232422
930001,500.0,0.06110826134681702,0.06110826134681702,0.0038641432765871286,18.458724975585938
932001,500.0,0.04196682199835777,0.04196682199835777,0.037551771849393845,18.763120651245117
934001,500.0,0.07533026486635208,0.07533026486635208,0.007509610615670681,18.555448532104492
936001,500.0,0.2012120932340622,0.2012120932340622,0.09757376462221146,18.946815490722656
938001,500.0,0.07333018630743027,0.07333018630743027,0.017714763060212135,18.365442276000977
940001,500.0,0.07158485054969788,0.07158485054969788,0.06055936962366104,18.254253387451172
942001,500.0,0.03127318620681763,0.03127318620681763,0.01701255515217781,17.96532440185547
944001,500.0,0.13084787130355835,0.13084787130355835,0.0833796039223671,18.300783157348633
946001,500.0,0.24979767203330994,0.24979767203330994,0.15453270077705383,19.32144546508789
948001,500.0,0.03368077799677849,0.03368077799677849,0.0021961014717817307,18.773353576660156
950001,500.0,0.037087272852659225,0.037087272852659225,0.011042259633541107,18.5107364654541
952001,500.0,0.14857430756092072,0.14857430756092072,0.010847024619579315,18.24394989013672
954001,500.0,0.1572873890399933,0.1572873890399933,0.11302193254232407,18.68000030517578
956001,500.0,0.23381194472312927,0.23381194472312927,0.015453094616532326,18.58968734741211
958001,500.0,0.22810934484004974,0.22810934484004974,0.24259673058986664,18.396892547607422
960001,500.0,0.04625118896365166,0.04625118896365166,0.022500760853290558,18.31084442138672
962001,500.0,0.16027306020259857,0.16027306020259857,0.07393593341112137,18.291902542114258
964001,500.0,0.16859713196754456,0.16859713196754456,0.06874676048755646,18.335201263427734
966001,500.0,0.04657941684126854,0.04657941684126854,0.01446524914354086,18.11406135559082
968001,500.0,0.08752737939357758,0.08752737939357758,0.5379142165184021,18.03291130065918
970001,500.0,0.39413949847221375,0.39413949847221375,0.05718882754445076,17.96562385559082
972001,500.0,0.06468948721885681,0.06468948721885681,0.013874753378331661,17.861581802368164
974001,500.0,0.044892389327287674,0.04489239305257797,0.0038093950133770704,17.27838706970215
976001,500.0,0.15559573471546173,0.15559573471546173,0.0285560954362154,17.89712142944336
978001,500.0,0.016371801495552063,0.016371801495552063,8.54005993460305e-05,17.303903579711914
980001,500.0,0.07604366540908813,0.07604366540908813,0.015163857489824295,17.282209396362305
982001,500.0,0.06673489511013031,0.06673489511013031,0.022025233134627342,17.315731048583984
984001,500.0,0.11987734586000443,0.11987734586000443,0.9529541730880737,17.286300659179688
986001,500.0,0.1131187230348587,0.1131187230348587,0.053723130375146866,17.00916862487793
988001,500.0,0.178879976272583,0.178879976272583,0.0020912617910653353,16.414743423461914
990001,500.0,0.027354825288057327,0.027354825288057327,0.009147433564066887,17.114126205444336
992001,500.0,0.06992492079734802,0.06992492079734802,0.0006004369352012873,16.826229095458984
994001,500.0,0.042717721313238144,0.042717721313238144,0.002421454293653369,17.11724853515625
996001,500.0,0.060253918170928955,0.060253918170928955,0.034334804862737656,16.376752853393555
998001,500.0,0.03688432276248932,0.03688432276248932,0.028838826343417168,16.7222900390625
