step,reward,hypergradient_norms,actor_loss,critic_loss
1,29.701494216918945,2.5932388305664062,-0.7248790264129639,1.0079493522644043
2001,12.794872283935547,3.4848196506500244,-0.03673379495739937,1.0616694688796997
4001,10.864130973815918,3.7569899559020996,-0.03901081532239914,1.1000325679779053
6001,9.721951484680176,3.959401845932007,0.0068492768332362175,1.1506307125091553
8001,9.679612159729004,4.108470439910889,0.0066349380649626255,1.2032785415649414
10001,9.370892524719238,4.254101753234863,0.007187537383288145,1.263778567314148
12001,9.5,4.345263481140137,0.006881654262542725,1.3303622007369995
14001,9.495238304138184,4.451904773712158,0.006039942614734173,1.4099645614624023
16001,9.356807708740234,4.484293460845947,0.0054373107850551605,1.4847908020019531
18001,9.293023109436035,4.562051773071289,0.003723402274772525,1.5784486532211304
20001,9.36619758605957,4.674555778503418,0.0036692118737846613,1.6936964988708496
22001,9.317756652832031,4.757493495941162,0.002269137417897582,1.82100248336792
24001,9.293023109436035,4.780708312988281,0.0020811029244214296,1.9622676372528076
26001,9.352112770080566,4.869696617126465,0.001859288546256721,2.135739803314209
28001,9.370892524719238,4.858940601348877,0.0021397985983639956,2.3201918601989746
30001,9.31308364868164,4.824256420135498,0.0022565603721886873,2.5141141414642334
32001,9.400943756103516,4.828068256378174,0.001982930349186063,2.7549567222595215
34001,9.336448669433594,4.761778354644775,0.0015991806285455823,3.013258457183838
36001,9.231481552124023,4.735161781311035,0.0013836886500939727,3.286181926727295
38001,9.415094375610352,4.63093376159668,0.0021390062756836414,3.6422717571258545
40001,9.384976387023926,4.424830436706543,0.0026247601490467787,4.004719257354736
42001,9.380281448364258,4.285061359405518,0.0013071747962385416,4.445705890655518
44001,9.279069900512695,4.119303226470947,0.0017474875785410404,4.854727745056152
46001,9.269767761230469,4.051916122436523,0.0008505958248861134,5.356988906860352
48001,9.345793724060059,4.113554954528809,0.0008139272104017437,5.927770614624023
50001,9.297674179077148,5.034280776977539,0.0005425320123322308,6.458093166351318
52001,9.370892524719238,3.5486958026885986,0.0007318807183764875,7.122035503387451
54001,9.336448669433594,3.4860472679138184,0.000941287784371525,7.767820358276367
56001,9.380281448364258,3.531459093093872,0.0005327500985004008,8.480879783630371
58001,9.405660629272461,3.650179862976074,0.0010471318382769823,9.071430206298828
60001,9.410377502441406,3.8276219367980957,0.0017873321194201708,9.627843856811523
62001,9.302325248718262,4.040085792541504,0.0007685753516852856,10.029705047607422
64001,9.36619758605957,4.252229690551758,0.0004692746151704341,10.459365844726562
66001,9.419811248779297,4.4105448722839355,0.0004661537241190672,10.729842185974121
68001,9.25,4.52057409286499,7.833053678041324e-05,10.729482650756836
70001,9.356807708740234,4.547848701477051,5.730115663027391e-05,10.775885581970215
72001,9.352112770080566,4.541728496551514,4.240049747750163e-05,10.633318901062012
74001,9.356807708740234,4.557810306549072,3.5463897802401334e-05,10.427581787109375
76001,9.356807708740234,4.447987079620361,2.844726805051323e-05,10.13436508178711
78001,9.44075870513916,4.347832202911377,0.0006488852668553591,9.809040069580078
80001,9.356807708740234,4.274345874786377,3.918332731700502e-05,9.386012077331543
82001,9.327102661132812,4.201611042022705,0.00017821711662691087,8.9244384765625
84001,9.415094375610352,4.141711711883545,2.678920100152027e-05,8.567302703857422
86001,9.279069900512695,4.063571453094482,2.44843013206264e-05,8.020668029785156
88001,9.384976387023926,6.1469526290893555,1.9963417798862793e-05,7.683068752288818
90001,9.288372039794922,5.942605018615723,1.735477417241782e-05,7.270573616027832
92001,9.380281448364258,4.483033657073975,0.000949457345996052,7.027520179748535
94001,9.302325248718262,4.319934844970703,3.5401764762355015e-05,6.692987442016602
96001,9.464455604553223,4.534829139709473,0.0006482585449703038,6.468417167663574
98001,9.375587463378906,4.500013828277588,0.001364483847282827,6.260737419128418
100001,9.327102661132812,4.598697662353516,0.0009764341521076858,6.032638072967529
102001,9.356807708740234,4.762650012969971,0.002658203477039933,5.863603591918945
104001,9.424528121948242,5.223557949066162,0.0033504925668239594,5.794003963470459
106001,9.283720970153809,5.305646896362305,0.0067621273919939995,6.397126197814941
108001,9.356807708740234,5.682176113128662,0.00967276468873024,7.366088390350342
110001,9.259259223937988,6.852200031280518,0.011933649890124798,9.149808883666992
112001,9.151375770568848,8.523161888122559,0.012435238808393478,11.537235260009766
114001,9.198156356811523,9.253232955932617,0.01173793338239193,12.605494499206543
116001,9.133027076721191,10.5081205368042,0.009785741567611694,14.041265487670898
118001,9.336448669433594,11.085429191589355,0.008105438202619553,14.301021575927734
120001,9.352112770080566,10.550328254699707,0.007728969678282738,13.337457656860352
122001,9.288372039794922,10.555541038513184,0.006380854174494743,12.61302375793457
124001,9.274418830871582,10.192447662353516,0.0037491428665816784,11.657912254333496
126001,9.317756652832031,9.218794822692871,0.004561803303658962,10.275313377380371
128001,9.36619758605957,8.188891410827637,0.006806202232837677,8.885130882263184
130001,9.341121673583984,7.039387226104736,0.008943031542003155,7.598691940307617
132001,9.254630088806152,6.182966232299805,0.008582748472690582,6.530346393585205
134001,9.269767761230469,5.163848876953125,0.011936327442526817,5.635311603546143
136001,9.059090614318848,4.655191421508789,0.015179094858467579,5.144906520843506
138001,9.054545402526855,5.364381790161133,0.015618677251040936,4.995453357696533
140001,9.132420539855957,7.457431316375732,0.008827301673591137,5.350546360015869
142001,9.254630088806152,8.793001174926758,0.0047015659511089325,5.547102928161621
144001,9.370892524719238,9.462065696716309,0.001129277516156435,5.541167259216309
146001,9.322429656982422,9.855572700500488,0.00011880078091053292,5.3017377853393555
148001,9.297674179077148,9.650497436523438,0.000858284707646817,4.885970115661621
150001,9.297674179077148,9.433528900146484,8.61576700117439e-05,4.403322696685791
152001,9.361502647399902,8.836808204650879,5.7711433328222483e-05,3.8498446941375732
154001,9.400943756103516,7.973638534545898,4.8526915634283796e-05,3.296614170074463
156001,9.39622688293457,7.236079692840576,4.0197406633524224e-05,2.7884321212768555
158001,9.30841064453125,6.093352794647217,2.8469787139329128e-05,2.313042640686035
160001,9.317756652832031,5.440732002258301,2.445076097501442e-05,1.9160128831863403
162001,9.375587463378906,5.058501243591309,2.8267335437703878e-05,1.5805792808532715
164001,9.240740776062012,4.603488445281982,2.1187030142755248e-05,1.3162293434143066
166001,9.405660629272461,4.184394836425781,2.251238765893504e-05,1.0634326934814453
168001,9.327102661132812,3.8095006942749023,2.264915565319825e-05,0.8809711933135986
170001,9.429244995117188,3.36635684967041,1.7568945622770116e-05,0.7075042128562927
172001,9.429244995117188,2.9665231704711914,1.9206403521820903e-05,0.5702111124992371
174001,9.293023109436035,2.7035560607910156,1.877881368272938e-05,0.4686742126941681
176001,9.400943756103516,2.2033333778381348,1.7947100786841474e-05,0.3738860785961151
178001,9.415094375610352,2.000570297241211,1.5431967767653987e-05,0.31398075819015503
180001,9.25,2.350109815597534,1.2866426004620735e-05,0.2754884362220764
182001,9.345793724060059,2.3763859272003174,1.459849863749696e-05,0.2374878078699112
184001,9.302325248718262,2.798807144165039,1.4186271073413081e-05,0.21136219799518585
186001,9.240740776062012,3.2861061096191406,1.0198078598477878e-05,0.19214437901973724
188001,9.370892524719238,3.456265449523926,9.485975169809535e-06,0.1790008693933487
190001,9.429244995117188,3.7407000064849854,8.24715789349284e-06,0.1751864105463028
192001,9.391510009765625,4.081137180328369,7.608378837176133e-06,0.18222209811210632
194001,9.31308364868164,4.401547908782959,4.373160209070193e-06,0.1996440291404724
196001,9.384976387023926,4.540025234222412,3.7355098356783856e-06,0.22701124846935272
198001,9.302325248718262,4.821425914764404,2.3102297745936085e-06,0.25714319944381714
200001,9.331775665283203,5.004138469696045,1.8311832263862016e-06,0.2936142086982727
202001,9.345793724060059,5.135283470153809,7.005657494119077e-07,0.3328191637992859
204001,9.384976387023926,5.032691478729248,2.2457395232322597e-07,0.3666066527366638
206001,9.380281448364258,5.059199810028076,-3.9468795876018703e-07,0.40312597155570984
208001,9.375587463378906,5.034241199493408,-1.1414471146053984e-06,0.4396130442619324
210001,9.293023109436035,5.001737594604492,-1.4681850188935641e-06,0.47187307476997375
212001,9.370892524719238,4.854867935180664,-2.227057848358527e-06,0.5031068325042725
214001,9.336448669433594,4.687644958496094,-2.9786035611323314e-06,0.5244836807250977
216001,9.384976387023926,4.48084020614624,-4.379330675874371e-06,0.5418100357055664
218001,9.39622688293457,4.262862205505371,0.001979665132239461,0.6190874576568604
220001,9.39622688293457,4.094753265380859,-3.6505160331726074,0.8786758184432983
222001,9.293023109436035,22.63950538635254,-0.0,13.595943450927734
224001,9.356807708740234,20.34943389892578,-0.0,12.198112487792969
226001,9.31308364868164,18.020938873291016,-0.0,10.531286239624023
228001,9.352112770080566,15.425854682922363,-0.0,8.692666053771973
230001,9.361502647399902,13.129734992980957,-0.0,6.999433994293213
232001,9.370892524719238,10.889723777770996,-0.0,5.443006992340088
234001,9.30841064453125,8.767908096313477,-0.0,4.173014163970947
236001,9.259259223937988,7.053303241729736,-0.0,3.109832763671875
238001,9.36619758605957,5.425240516662598,-0.0,2.2162609100341797
240001,9.327102661132812,4.858020305633545,-0.0,1.6356579065322876
242001,9.410377502441406,4.649773120880127,-0.0,1.1983418464660645
244001,9.293023109436035,4.542548179626465,-0.0,0.9461727738380432
246001,9.375587463378906,4.792726516723633,-0.0,0.7248320579528809
248001,9.331775665283203,4.594539165496826,-0.0,0.5935628414154053
250001,9.375587463378906,4.592248439788818,-0.0,0.4965357482433319
252001,9.431280136108398,4.446314334869385,-0.0,0.4228243827819824
254001,9.370892524719238,4.125933647155762,-0.0,0.3820701539516449
256001,9.345793724060059,3.8332231044769287,-0.0,0.34636351466178894
258001,9.336448669433594,3.532841205596924,-0.0,0.3259119987487793
260001,9.30373764038086,3.1438539028167725,-0.0,0.3122687041759491
262001,9.341121673583984,2.9565842151641846,-0.0,0.29266127943992615
264001,9.245370864868164,2.432065963745117,-0.0,0.2974964678287506
266001,9.347417831420898,2.2928483486175537,-0.0,0.28886860609054565
268001,9.297674179077148,2.014955759048462,-0.0,0.2936967611312866
270001,9.361502647399902,1.9334726333618164,-0.0,0.29216623306274414
272001,9.391510009765625,1.959895133972168,-0.0,0.2844337224960327
274001,9.370892524719238,2.238668441772461,-0.0,0.3029167056083679
276001,9.356807708740234,2.547391176223755,-0.0,0.29848548769950867
278001,9.345793724060059,2.826836347579956,-0.0,0.29134511947631836
280001,9.375587463378906,2.94108510017395,-0.0,0.27187398076057434
282001,9.336448669433594,3.2327160835266113,-0.0,0.2539852559566498
284001,9.405660629272461,2.968092203140259,-0.0,0.22357024252414703
286001,9.297674179077148,3.643054723739624,-0.0,0.22270174324512482
288001,9.389671325683594,3.1135902404785156,-0.0,0.1657915711402893
290001,9.345793724060059,3.4064109325408936,-0.0,0.16436085104942322
292001,9.317756652832031,3.3880279064178467,-0.0,0.1549166440963745
294001,9.336448669433594,3.2690234184265137,-0.0,0.14942802488803864
296001,9.410377502441406,3.211294174194336,-0.0,0.16202883422374725
298001,9.336448669433594,3.4401793479919434,-0.0,0.173744797706604
300001,9.352112770080566,3.5004990100860596,-0.0,0.19897577166557312
302001,9.36619758605957,3.7564070224761963,-0.0,0.23426151275634766
304001,9.345793724060059,4.101404666900635,-0.0,0.2671000361442566
306001,9.36619758605957,4.285824298858643,-0.0,0.29841434955596924
308001,9.429244995117188,4.230170249938965,-0.0,0.3362301290035248
310001,9.400943756103516,4.277038097381592,-0.0,0.3744563162326813
312001,9.331775665283203,4.477321147918701,-0.0,0.40743380784988403
314001,9.43396282196045,4.4449849128723145,-0.0,0.44066378474235535
316001,9.375587463378906,4.374337673187256,-0.0,0.46516820788383484
318001,9.429244995117188,4.1601104736328125,-0.0,0.4980100989341736
320001,9.370892524719238,4.116089820861816,-0.0,0.5235439538955688
322001,9.400943756103516,4.047507286071777,-0.0,0.5491485595703125
324001,9.327102661132812,4.021978855133057,-0.0,0.561683177947998
326001,9.400943756103516,3.748056650161743,-0.0,0.5760641098022461
328001,9.36619758605957,3.576775074005127,-0.0,0.5913416147232056
330001,9.30841064453125,3.4568731784820557,-0.0,0.6036210060119629
332001,9.297674179077148,3.353928565979004,-0.0,0.6142617464065552
334001,9.39622688293457,3.2715916633605957,-0.0,0.6223405599594116
336001,9.405660629272461,3.2059853076934814,-0.0,0.6220196485519409
338001,9.31308364868164,3.140561103820801,-0.0,0.6233964562416077
340001,9.380281448364258,3.107034683227539,-0.0,0.6311530470848083
342001,9.39622688293457,3.11079478263855,-0.0,0.6391732692718506
344001,9.288372039794922,3.1259241104125977,-0.0,0.6420603394508362
346001,9.384976387023926,3.2267723083496094,-0.0,0.6503803730010986
348001,9.400943756103516,3.34594988822937,-0.0,0.6599197387695312
350001,9.297674179077148,3.43969464302063,-0.0,0.6687718629837036
352001,9.331775665283203,3.584399700164795,-0.0,0.6807020306587219
354001,9.345793724060059,3.7437334060668945,-0.0,0.6973779201507568
356001,9.400943756103516,3.936678409576416,-0.0,0.7178305983543396
358001,9.327102661132812,4.053025245666504,-0.0,0.7375271320343018
360001,9.322429656982422,4.2187957763671875,-0.0,0.7688585519790649
362001,9.361502647399902,4.417510509490967,-0.0,0.8071098923683167
364001,9.331775665283203,4.532902717590332,-0.0,0.8487135767936707
366001,9.352112770080566,4.716938495635986,-0.0,0.9055927991867065
368001,9.424528121948242,4.87776517868042,-0.0,0.9721040725708008
370001,9.322429656982422,4.914973735809326,-0.0,1.0411553382873535
372001,9.36619758605957,5.0171122550964355,-0.0,1.133230447769165
374001,9.297674179077148,5.074607849121094,-0.0,1.2315195798873901
376001,9.400943756103516,5.267068386077881,-0.0,1.354377031326294
378001,9.39622688293457,5.300595283508301,-0.0,1.483142614364624
380001,9.288372039794922,5.247621059417725,-0.0,1.626963496208191
382001,9.384976387023926,5.4117631912231445,-0.0,1.796240210533142
384001,9.297674179077148,5.408125877380371,-0.0,1.9724493026733398
386001,9.302325248718262,5.439428329467773,-0.0,2.1759424209594727
388001,9.347417831420898,5.1278276443481445,-0.0,2.41898775100708
390001,9.39622688293457,4.696408748626709,-0.0,2.7123141288757324
392001,9.293023109436035,4.397133827209473,-0.0,3.0478906631469727
394001,9.380281448364258,4.247268199920654,-0.0,3.397615432739258
396001,9.341121673583984,4.034111499786377,-0.0,3.759577751159668
398001,9.322429656982422,3.9400312900543213,-0.0,4.111773490905762
400001,9.293023109436035,3.9195194244384766,-0.0,4.453165531158447
402001,9.302325248718262,4.20311164855957,-0.0,4.8093743324279785
404001,9.410377502441406,4.458585739135742,-0.0,5.1016693115234375
406001,9.317756652832031,4.595827579498291,-0.0,5.37099552154541
408001,9.322429656982422,4.8212199211120605,-0.0,5.596537113189697
410001,9.297674179077148,5.482197284698486,-0.0,5.773078441619873
412001,9.345793724060059,5.811604976654053,-0.0,5.878091335296631
414001,9.331775665283203,6.145070552825928,-0.0,5.893801689147949
416001,9.254630088806152,6.97616720199585,-0.0,5.886064529418945
418001,9.30841064453125,7.1161274909973145,-0.0,5.753409385681152
420001,9.331775665283203,6.978562355041504,-0.0,5.644866943359375
422001,9.31308364868164,6.535373210906982,-0.0,5.466287136077881
424001,9.370892524719238,6.591325759887695,-0.0,5.339844226837158
426001,9.322429656982422,8.489978790283203,-0.0,5.256174087524414
428001,9.454977035522461,8.837362289428711,-0.0,4.989039897918701
430001,9.36619758605957,9.267462730407715,-0.0,4.758558750152588
432001,9.279069900512695,8.96862506866455,-0.0,4.381795883178711
434001,9.331775665283203,8.676765441894531,-0.0,3.8752012252807617
436001,9.327102661132812,8.001965522766113,-0.0,3.3410017490386963
438001,9.336448669433594,7.29629373550415,-0.0,2.833596706390381
440001,9.419811248779297,5.129731178283691,-0.0,2.284363031387329
442001,9.375587463378906,3.4173872470855713,-0.0,1.9108836650848389
444001,9.341121673583984,2.8669979572296143,-0.0,1.6233216524124146
446001,9.464455604553223,2.648961067199707,-0.0,1.371385097503662
448001,9.345793724060059,2.375094413757324,-0.0,1.2254619598388672
450001,9.389671325683594,2.317667007446289,-0.0,1.0764750242233276
452001,9.345793724060059,2.2325010299682617,-0.0,0.9607988595962524
454001,9.283720970153809,2.0014145374298096,-0.0,0.8621038198471069
456001,9.341121673583984,1.995496392250061,-0.0,0.7635911703109741
458001,9.30841064453125,1.9018148183822632,-0.0,0.6910616159439087
460001,9.327102661132812,1.8159611225128174,-0.0,0.6240267753601074
462001,9.288372039794922,1.903693675994873,-0.0,0.5604694485664368
464001,9.405660629272461,1.8262901306152344,-0.0,0.5034757256507874
466001,9.283720970153809,1.8666313886642456,-0.0,0.4583313763141632
468001,9.410377502441406,1.7193211317062378,-0.0,0.4169313609600067
470001,9.361502647399902,1.7301102876663208,-0.0,0.37869590520858765
472001,9.361502647399902,1.6696383953094482,-0.0,0.35133418440818787
474001,9.380281448364258,1.5907756090164185,-0.0,0.32718920707702637
476001,9.356807708740234,1.5299959182739258,-0.0,0.29728102684020996
478001,9.375587463378906,1.475232720375061,-0.0,0.2727887034416199
480001,9.30373764038086,1.4082005023956299,-0.0,0.25370562076568604
482001,9.361502647399902,1.3512380123138428,-0.0,0.23031271994113922
484001,9.297674179077148,1.26107656955719,-0.0,0.21895255148410797
486001,9.419811248779297,1.2081525325775146,-0.0,0.20008735358715057
488001,9.322429656982422,1.1020522117614746,-0.0,0.1874544620513916
490001,9.352112770080566,1.1339917182922363,-0.0,0.18138715624809265
492001,9.400943756103516,1.0806291103363037,-0.0,0.16555412113666534
494001,9.356807708740234,0.9840756058692932,-0.0,0.16155831515789032
496001,9.352112770080566,0.9794147610664368,-0.0,0.15069468319416046
498001,9.352112770080566,0.9325085282325745,-0.0,0.14912497997283936
500001,9.384976387023926,1.0748623609542847,-0.0,0.1425510197877884
502001,9.370892524719238,0.8773841261863708,-0.0,0.14115579426288605
504001,9.410377502441406,1.020969033241272,-0.0,0.13457483053207397
506001,9.39622688293457,0.9121512174606323,-0.0,0.1402076780796051
508001,9.405660629272461,1.0160468816757202,-0.0,0.1401183307170868
510001,9.375587463378906,0.957495927810669,-0.0,0.1513468474149704
512001,9.400943756103516,0.8993136286735535,-0.0,0.14485399425029755
514001,9.341121673583984,0.8177623748779297,-0.0,0.1598450243473053
516001,9.384976387023926,0.8647074103355408,-0.0,0.17180819809436798
518001,9.30373764038086,0.7926772832870483,-0.0,0.17992912232875824
520001,9.283720970153809,0.8041106462478638,-0.0,0.19774600863456726
522001,9.30841064453125,0.900995135307312,-0.0,0.2000102698802948
524001,9.424528121948242,1.0066852569580078,-0.0,0.19455555081367493
526001,9.331775665283203,1.0234925746917725,-0.0,0.21088764071464539
528001,9.341121673583984,1.0784255266189575,-0.0,0.22033967077732086
530001,9.36619758605957,1.0923607349395752,-0.0,0.2257254421710968
532001,9.380281448364258,1.1160427331924438,-0.0,0.21247152984142303
534001,9.345793724060059,1.179530143737793,-0.0,0.2270430028438568
536001,9.361502647399902,1.187829852104187,-0.0,0.22379080951213837
538001,9.391510009765625,1.2256035804748535,-0.0,0.2204035073518753
540001,9.473934173583984,1.146056056022644,-0.0,0.1997295469045639
542001,9.31308364868164,1.4296711683273315,-0.0,0.23368830978870392
544001,9.327102661132812,1.4062142372131348,-0.0,0.2084336280822754
546001,9.245370864868164,1.7272818088531494,-0.0,0.22832368314266205
548001,9.352112770080566,1.3398032188415527,-0.0,0.19429384171962738
550001,9.43396282196045,1.1461284160614014,-0.0,0.16517461836338043
552001,9.317756652832031,1.3415234088897705,-0.0,0.1724112331867218
554001,9.30841064453125,1.407873272895813,-0.0,0.15312519669532776
556001,9.317756652832031,1.1467434167861938,-0.0,0.14248712360858917
558001,9.454977035522461,0.7048848867416382,-0.0,0.10972485691308975
560001,9.236111640930176,1.251870036125183,-0.0,0.13087506592273712
562001,9.331775665283203,0.7652445435523987,-0.0,0.10291951149702072
564001,9.293023109436035,0.9365084767341614,-0.0,0.10135862976312637
566001,9.341121673583984,0.7210598587989807,-0.0,0.0861690565943718
568001,9.274418830871582,0.6968680620193481,-0.0,0.07413800805807114
570001,9.389671325683594,0.5097253322601318,-0.0,0.07553432136774063
572001,9.254630088806152,0.7725271582603455,-0.0,0.06175432354211807
574001,9.384976387023926,0.484941691160202,-0.0,0.06149184703826904
576001,9.36619758605957,0.5568901896476746,-0.0,0.06497899442911148
578001,9.31308364868164,0.6289501786231995,-0.0,0.059255603700876236
580001,9.345793724060059,0.59456866979599,-0.0,0.05821941792964935
582001,9.410377502441406,0.5923781394958496,-0.0,0.06266165524721146
584001,9.288372039794922,0.6844753623008728,-0.0,0.05948420241475105
586001,9.336448669433594,0.6493879556655884,-0.0,0.05832728371024132
588001,9.345793724060059,0.645057737827301,-0.0,0.05978110805153847
590001,9.445497512817383,0.6410004496574402,-0.0,0.06071106344461441
592001,9.322429656982422,0.6551579833030701,-0.0,0.06169753521680832
594001,9.370892524719238,0.6419088244438171,-0.0,0.06462910771369934
596001,9.30841064453125,0.6352260112762451,-0.0,0.06247231736779213
598001,9.410377502441406,0.7276103496551514,-0.0,0.06806354224681854
600001,9.356807708740234,0.615798830986023,-0.0,0.06390544027090073
602001,9.356807708740234,0.7173648476600647,-0.0,0.06494559347629547
604001,9.283720970153809,0.5747608542442322,-0.0,0.06633128225803375
606001,9.370892524719238,0.7108204364776611,-0.0,0.066789411008358
608001,9.352112770080566,0.7307784557342529,-0.0,0.06478938460350037
610001,9.405660629272461,0.7885189652442932,-0.0,0.06545554846525192
612001,9.336448669433594,0.8203412890434265,-0.0,0.06062433868646622
614001,9.415094375610352,0.9690302610397339,-0.0,0.05952766537666321
616001,9.429244995117188,0.9244632124900818,-0.0,0.06351427733898163
618001,9.288372039794922,0.7420730590820312,-0.0,0.05737723410129547
620001,9.370892524719238,0.7807568311691284,-0.0,0.06587297469377518
622001,9.293023109436035,0.7103116512298584,-0.0,0.06004219129681587
624001,9.341121673583984,0.9430257081985474,-0.0,0.05672253668308258
626001,9.375587463378906,0.8380618095397949,-0.0,0.06025221571326256
628001,9.419811248779297,1.0685863494873047,-0.0,0.0650651678442955
630001,9.336448669433594,0.8945215344429016,-0.0,0.06635182350873947
632001,9.327102661132812,0.8031657338142395,-0.0,0.07038397341966629
634001,9.39622688293457,0.9589763283729553,-0.0,0.06917066127061844
636001,9.405660629272461,1.011035442352295,-0.0,0.07127781212329865
638001,9.352112770080566,0.862280547618866,-0.0,0.08264190703630447
640001,9.352112770080566,0.8408364057540894,-0.0,0.08335455507040024
642001,9.410377502441406,0.8995678424835205,-0.0,0.08478256314992905
644001,9.21658992767334,0.7243817448616028,-0.0,0.11517427861690521
646001,9.389671325683594,0.8078115582466125,-0.0,0.10106569528579712
648001,9.36619758605957,0.8002415299415588,-0.0,0.11232266575098038
650001,9.31308364868164,0.933318555355072,-0.0,0.1375923901796341
652001,9.274418830871582,1.1818723678588867,-0.0,0.12782511115074158
654001,9.345793724060059,1.1381274461746216,-0.0,0.12812677025794983
656001,9.400943756103516,0.8837268352508545,-0.0,0.12338697910308838
658001,9.380281448364258,0.9526278376579285,-0.0,0.12479888647794724
660001,9.288372039794922,1.3060297966003418,-0.0,0.14158597588539124
662001,9.31308364868164,1.2642724514007568,-0.0,0.14080440998077393
664001,9.370892524719238,1.2107875347137451,-0.0,0.13177233934402466
666001,9.327102661132812,1.1870322227478027,-0.0,0.12191759049892426
668001,9.293023109436035,1.3391025066375732,-0.0,0.12020225822925568
670001,9.375587463378906,0.9806527495384216,-0.0,0.10200945287942886
672001,9.454977035522461,0.6582005620002747,-0.0,0.08274354785680771
674001,9.302325248718262,1.0612431764602661,-0.0,0.09353752434253693
676001,9.331775665283203,0.9565092921257019,-0.0,0.08505882322788239
678001,9.43396282196045,0.5298185348510742,-0.0,0.07639013975858688
680001,9.370892524719238,0.6481871008872986,-0.0,0.06825955212116241
682001,9.331775665283203,0.7898328304290771,-0.0,0.06984087824821472
684001,9.30841064453125,0.8345229029655457,-0.0,0.06009459123015404
686001,9.240740776062012,0.9984542727470398,-0.0,0.062201544642448425
688001,9.39622688293457,0.6694122552871704,-0.0,0.058247119188308716
690001,9.356807708740234,0.7426900863647461,-0.0,0.05673215165734291
692001,9.336448669433594,0.8115688562393188,-0.0,0.05938788130879402
694001,9.352112770080566,0.7921072840690613,-0.0,0.05735376104712486
696001,9.429244995117188,0.6859537959098816,-0.0,0.060134731233119965
698001,9.39622688293457,0.7490944862365723,-0.0,0.06569819897413254
700001,9.380281448364258,0.750088095664978,-0.0,0.06516420096158981
702001,9.356807708740234,0.7807059288024902,-0.0,0.06931659579277039
704001,9.44075870513916,0.7509271502494812,-0.0,0.06979899108409882
706001,9.30841064453125,0.7810735106468201,-0.0,0.06702693551778793
708001,9.39622688293457,0.7759686708450317,-0.0,0.07139703631401062
710001,9.297674179077148,0.7331569790840149,-0.0,0.07117447257041931
712001,9.331775665283203,0.7582228779792786,-0.0,0.07562454789876938
714001,9.31308364868164,0.7510589361190796,-0.0,0.07591629028320312
716001,9.30373764038086,0.744269073009491,-0.0,0.07633820176124573
718001,9.370892524719238,0.7693825364112854,-0.0,0.0780748501420021
720001,9.336448669433594,0.7876127362251282,-0.0,0.07774195075035095
722001,9.327102661132812,0.7878220081329346,-0.0,0.07703976333141327
724001,9.222222328186035,0.7412897944450378,-0.0,0.0750313252210617
726001,9.389671325683594,0.98602694272995,-0.0,0.07660623639822006
728001,9.459715843200684,1.1207919120788574,-0.0,0.07819966226816177
730001,9.279069900512695,0.9221242666244507,-0.0,0.07165602594614029
732001,9.279069900512695,0.928251326084137,-0.0,0.07211821526288986
734001,9.331775665283203,1.0765000581741333,-0.0,0.0708712562918663
736001,9.415094375610352,1.3138296604156494,-0.0,0.07394673675298691
738001,9.352112770080566,1.1959720849990845,-0.0,0.07089240103960037
740001,9.43396282196045,1.3255778551101685,-0.0,0.07431469857692719
742001,9.31308364868164,0.9958844184875488,-0.0,0.07421178370714188
744001,9.384976387023926,1.2551748752593994,-0.0,0.07409089058637619
746001,9.322429656982422,1.0668909549713135,-0.0,0.07787655293941498
748001,9.415094375610352,1.2051845788955688,-0.0,0.08120696246623993
750001,9.283720970153809,1.009505033493042,-0.0,0.08918271213769913
752001,9.336448669433594,1.0633844137191772,-0.0,0.0952436700463295
754001,9.327102661132812,0.9938571453094482,-0.0,0.10001330822706223
756001,9.389671325683594,1.0381722450256348,-0.0,0.1067061573266983
758001,9.269767761230469,0.8886138796806335,-0.0,0.11930536478757858
760001,9.254630088806152,0.9134275913238525,-0.0,0.1322084665298462
762001,9.331775665283203,0.9733678102493286,-0.0,0.13606683909893036
764001,9.345793724060059,1.0759124755859375,-0.0,0.14764344692230225
766001,9.345793724060059,1.1515923738479614,-0.0,0.1542270928621292
768001,9.361502647399902,1.277146816253662,-0.0,0.16340844333171844
770001,9.436018943786621,1.1164870262145996,-0.0,0.1527433842420578
772001,9.352112770080566,1.4749678373336792,-0.0,0.16561231017112732
774001,9.370892524719238,1.3968729972839355,-0.0,0.16847461462020874
776001,9.43396282196045,1.4658231735229492,-0.0,0.16514672338962555
778001,9.36619758605957,1.5336101055145264,-0.0,0.16465236246585846
780001,9.341121673583984,1.6095176935195923,-0.0,0.15618634223937988
782001,9.375587463378906,1.4790499210357666,-0.0,0.1500961035490036
784001,9.375587463378906,1.249179720878601,-0.0,0.12051434814929962
786001,9.30841064453125,1.5185048580169678,-0.0,0.1256028562784195
788001,9.331775665283203,1.2752562761306763,-0.0,0.09930583089590073
790001,9.415094375610352,0.7701559662818909,-0.0,0.07682842761278152
792001,9.317756652832031,1.181200623512268,-0.0,0.08553627133369446
794001,9.450237274169922,0.6653925180435181,-0.0,0.06583158671855927
796001,9.327102661132812,1.0555803775787354,-0.0,0.0697801485657692
798001,9.410377502441406,0.9160983562469482,-0.0,0.06775567680597305
800001,9.336448669433594,1.1135495901107788,-0.0,0.0652640238404274
802001,9.48571491241455,0.8393747806549072,-0.0,0.06200479343533516
804001,9.352112770080566,1.101912021636963,-0.0,0.06632135063409805
806001,9.450237274169922,0.9783321022987366,-0.0,0.06633350253105164
808001,9.380281448364258,1.0353847742080688,-0.0,0.06699184328317642
810001,9.317756652832031,1.0948522090911865,-0.0,0.07234979420900345
812001,9.352112770080566,1.059479832649231,-0.0,0.07584629207849503
814001,9.331775665283203,1.0595247745513916,-0.0,0.07945068925619125
816001,9.384976387023926,1.0384327173233032,-0.0,0.08586540818214417
818001,9.31308364868164,1.051192283630371,-0.0,0.0865953117609024
820001,9.419811248779297,1.0157902240753174,-0.0,0.09605035930871964
822001,9.322429656982422,1.022613763809204,-0.0,0.09417235106229782
824001,9.352112770080566,1.0047671794891357,-0.0,0.09787735342979431
826001,9.317756652832031,0.9635932445526123,-0.0,0.09782812744379044
828001,9.356807708740234,0.9578904509544373,-0.0,0.1014232411980629
830001,9.415094375610352,0.9633338451385498,-0.0,0.10515860468149185
832001,9.327102661132812,0.9153686761856079,-0.0,0.10199671983718872
834001,9.331775665283203,0.9065690636634827,-0.0,0.10223814845085144
836001,9.240740776062012,0.9578918218612671,-0.0,0.10269524902105331
838001,9.341121673583984,0.9612491726875305,-0.0,0.1050054058432579
840001,9.317756652832031,1.010190725326538,-0.0,0.10509980469942093
842001,9.279069900512695,1.0810694694519043,-0.0,0.10600511729717255
844001,9.419811248779297,1.2267560958862305,-0.0,0.11216705292463303
846001,9.341121673583984,1.264060139656067,-0.0,0.11286519467830658
848001,9.389671325683594,1.3162155151367188,-0.0,0.11501859873533249
850001,9.31308364868164,1.3000234365463257,-0.0,0.11413461714982986
852001,9.454977035522461,1.482587218284607,-0.0,0.12214533239603043
854001,9.31308364868164,1.4051159620285034,-0.0,0.11882210522890091
856001,9.331775665283203,1.4862885475158691,-0.0,0.12377087771892548
858001,9.415094375610352,1.5752681493759155,-0.0,0.12932071089744568
860001,9.317756652832031,1.5132081508636475,-0.0,0.1292492002248764
862001,9.322429656982422,1.5873955488204956,-0.0,0.1366269588470459
864001,9.317756652832031,1.6831248998641968,-0.0,0.1414690613746643
866001,9.30841064453125,1.6821311712265015,-0.0,0.14953826367855072
868001,9.341121673583984,1.8498128652572632,-0.0,0.15598274767398834
870001,9.30841064453125,1.8710325956344604,-0.0,0.1632620245218277
872001,9.30841064453125,1.7355844974517822,-0.0,0.17385180294513702
874001,9.391510009765625,1.848192811012268,-0.0,0.18186567723751068
876001,9.361502647399902,1.7137116193771362,-0.0,0.19809256494045258
878001,9.39622688293457,1.7494055032730103,-0.0,0.21334093809127808
880001,9.297674179077148,1.3558708429336548,-0.0,0.24866650998592377
882001,9.31308364868164,1.4006283283233643,-0.0,0.25601625442504883
884001,9.389671325683594,1.4411532878875732,-0.0,0.27232202887535095
886001,9.356807708740234,1.6555508375167847,-0.0,0.2973197102546692
888001,9.361502647399902,2.0434906482696533,-0.0,0.33732765913009644
890001,9.30841064453125,2.3350718021392822,-0.0,0.36064186692237854
892001,9.43396282196045,2.2696568965911865,-0.0,0.3497489392757416
894001,9.361502647399902,2.6779870986938477,-0.0,0.3619174361228943
896001,9.226851463317871,3.1897287368774414,-0.0,0.3908248543739319
898001,9.429244995117188,2.506664514541626,-0.0,0.30867841839790344
900001,9.279069900512695,2.878627061843872,-0.0,0.3161598742008209
902001,9.36619758605957,2.3063693046569824,-0.0,0.2700827717781067
904001,9.405660629272461,2.100816488265991,-0.0,0.22195176780223846
906001,9.36619758605957,1.949227213859558,-0.0,0.19178226590156555
908001,9.25,2.0761356353759766,-0.0,0.17800067365169525
910001,9.31308364868164,1.7534074783325195,-0.0,0.14845100045204163
912001,9.384976387023926,1.5369441509246826,-0.0,0.12730088829994202
914001,9.302325248718262,1.7339798212051392,-0.0,0.1154923364520073
916001,9.375587463378906,1.618362545967102,-0.0,0.1096997782588005
918001,9.415094375610352,1.4867794513702393,-0.0,0.1026645302772522
920001,9.302325248718262,1.679984211921692,-0.0,0.10254879295825958
922001,9.39622688293457,1.64893639087677,-0.0,0.10532104223966599
924001,9.391510009765625,1.7226773500442505,-0.0,0.11026959866285324
926001,9.36619758605957,1.8027684688568115,-0.0,0.11272984743118286
928001,9.410377502441406,1.7590411901474,-0.0,0.11797664314508438
930001,9.370892524719238,1.855584740638733,-0.0,0.12331463396549225
932001,9.302325248718262,1.8008562326431274,-0.0,0.1271793693304062
934001,9.347417831420898,1.718570351600647,-0.0,0.14057818055152893
936001,9.341121673583984,1.686854362487793,-0.0,0.14952532947063446
938001,9.39622688293457,1.6306875944137573,-0.0,0.15190333127975464
940001,9.370892524719238,1.6051572561264038,-0.0,0.15948227047920227
942001,9.36619758605957,1.5869649648666382,-0.0,0.16630838811397552
944001,9.352112770080566,1.5361683368682861,-0.0,0.1680692583322525
946001,9.297674179077148,1.5018786191940308,-0.0,0.16946209967136383
948001,9.336448669433594,1.469069242477417,-0.0,0.17190667986869812
950001,9.356807708740234,1.4695438146591187,-0.0,0.17652669548988342
952001,9.370892524719238,1.4663681983947754,-0.0,0.1778380274772644
954001,9.415094375610352,1.5373505353927612,-0.0,0.1839430332183838
956001,9.389671325683594,1.5826503038406372,-0.0,0.1852005422115326
958001,9.389671325683594,1.6245986223220825,-0.0,0.18809902667999268
960001,9.356807708740234,1.667584776878357,-0.0,0.19132184982299805
962001,9.297674179077148,1.7204943895339966,-0.0,0.19568979740142822
964001,9.469194412231445,1.9214308261871338,-0.0,0.20792365074157715
966001,9.336448669433594,1.9149227142333984,-0.0,0.21017521619796753
968001,9.345793724060059,1.9962950944900513,-0.0,0.21701335906982422
970001,9.410377502441406,2.1087310314178467,-0.0,0.22747953236103058
972001,9.336448669433594,2.1676619052886963,-0.0,0.23607724905014038
974001,9.302325248718262,2.2084431648254395,-0.0,0.246453657746315
976001,9.352112770080566,2.3004188537597656,-0.0,0.25904330611228943
978001,9.345793724060059,2.3596580028533936,-0.0,0.2753652334213257
980001,9.36619758605957,2.410449743270874,-0.0,0.2925878167152405
982001,9.389671325683594,2.4840855598449707,-0.0,0.31257373094558716
984001,9.293023109436035,2.3735945224761963,-0.0,0.3315652310848236
986001,9.356807708740234,2.4467148780822754,-0.0,0.3579375445842743
988001,9.274418830871582,2.404093027114868,-0.0,0.3852798342704773
990001,9.389671325683594,2.5948450565338135,-0.0,0.418301522731781
992001,9.356807708740234,2.6499741077423096,-0.0,0.4505786895751953
994001,9.384976387023926,2.6847004890441895,-0.0,0.48585566878318787
996001,9.389671325683594,2.66693377494812,-0.0,0.5215284824371338
998001,9.341121673583984,2.622497797012329,-0.0,0.5596290230751038
