step,reward,hypergradient_norms,actor_loss,critic_loss
1,29.701494216918945,2.622964859008789,-0.7305712103843689,1.0079493522644043
2001,12.794872283935547,3.6789066791534424,-0.03855844959616661,1.0622674226760864
4001,10.864130973815918,3.981386423110962,-0.032178379595279694,1.101040244102478
6001,9.721951484680176,3.7779901027679443,0.006263366900384426,1.1509251594543457
8001,9.679612159729004,4.065090656280518,0.006861367728561163,1.204711675643921
10001,9.370892524719238,4.265533924102783,0.007155796978622675,1.2662466764450073
12001,9.545454978942871,4.443159103393555,0.006817285902798176,1.3390144109725952
14001,9.450237274169922,4.568647861480713,0.0033444345463067293,1.421627402305603
16001,9.356807708740234,4.624213695526123,0.002516150940209627,1.5042542219161987
18001,9.336448669433594,4.632379531860352,0.003690470941364765,1.5922751426696777
20001,9.322429656982422,4.752898216247559,0.00239172694273293,1.707625389099121
22001,9.345793724060059,4.793949127197266,0.0025522352661937475,1.8301551342010498
24001,9.293023109436035,4.826578617095947,0.0008513970533385873,1.9737414121627808
26001,9.352112770080566,4.935276985168457,0.0009228424169123173,2.153149366378784
28001,9.327102661132812,4.923238754272461,0.001165868015959859,2.335052251815796
30001,9.356807708740234,4.900417327880859,0.0016750479117035866,2.5390679836273193
32001,9.400943756103516,4.900831699371338,0.0005200468003749847,2.786860942840576
34001,9.336448669433594,4.779428482055664,0.0010370915988460183,3.03682541847229
36001,9.188940048217773,4.68665885925293,0.0008447403088212013,3.3075807094573975
38001,9.459715843200684,4.652453422546387,0.00045523271546699107,3.7001452445983887
40001,9.429244995117188,4.499051570892334,0.0010696100071072578,4.033758640289307
42001,9.424528121948242,4.357759952545166,0.0004141415120102465,4.4538421630859375
44001,9.322429656982422,4.163311958312988,0.0008110206108540297,4.846606731414795
46001,9.269767761230469,4.043402671813965,0.000339441787218675,5.314563751220703
48001,9.389671325683594,4.006968975067139,9.94612491922453e-05,5.885970115661621
50001,9.297674179077148,3.653364658355713,8.143438753904775e-05,6.380870342254639
52001,9.370892524719238,3.5532138347625732,0.00010926515096798539,7.002293109893799
54001,9.336448669433594,3.3988475799560547,0.0006232017767615616,7.558729648590088
56001,9.380281448364258,3.3742945194244385,6.510185630759224e-05,8.24537467956543
58001,9.450237274169922,3.4209163188934326,1.527197855466511e-05,8.848408699035645
60001,9.410377502441406,3.506129741668701,0.0004901890060864389,9.381160736083984
62001,9.302325248718262,3.6664392948150635,6.193038279889151e-05,9.874629020690918
64001,9.36619758605957,3.8286871910095215,5.240236350800842e-05,10.319524765014648
66001,9.419811248779297,3.982646942138672,4.304513640818186e-05,10.694369316101074
68001,9.25,4.104050159454346,3.554001887096092e-05,10.815414428710938
70001,9.356807708740234,4.169127941131592,3.119764005532488e-05,11.011946678161621
72001,9.352112770080566,4.186364650726318,2.651940485520754e-05,11.018658638000488
74001,9.356807708740234,4.200350284576416,2.4382912670262158e-05,10.96456527709961
76001,9.356807708740234,4.161710739135742,2.10705566132674e-05,10.796238899230957
78001,9.44075870513916,4.103786945343018,2.073319410555996e-05,10.5963134765625
80001,9.356807708740234,4.039114475250244,1.7471611499786377e-05,10.286441802978516
82001,9.327102661132812,3.9782984256744385,1.672294456511736e-05,9.93813705444336
84001,9.415094375610352,3.998314619064331,1.417010116711026e-05,9.66839599609375
86001,9.279069900512695,3.9506709575653076,1.415492170053767e-05,9.210155487060547
88001,9.384976387023926,3.8885817527770996,1.2434351447154768e-05,8.963175773620605
90001,9.288372039794922,3.8500311374664307,1.1446874850662425e-05,8.568577766418457
92001,9.380281448364258,4.288479328155518,0.0005568867782130837,8.299631118774414
94001,9.302325248718262,4.186133861541748,1.87286550499266e-05,7.999784469604492
96001,9.464455604553223,4.209334373474121,0.00040696925134398043,7.789186477661133
98001,9.375587463378906,4.169179916381836,3.199525235686451e-05,7.557541370391846
100001,9.327102661132812,4.065173625946045,2.4491613658028655e-05,7.349678039550781
102001,9.356807708740234,4.1179351806640625,0.00035141571424901485,7.206636428833008
104001,9.336448669433594,4.173871040344238,2.9884949981351383e-05,7.050179481506348
106001,9.30841064453125,4.259650707244873,2.4624892830615863e-05,6.861074447631836
108001,9.331775665283203,4.310665130615234,1.946353404491674e-05,6.729660511016846
110001,9.352112770080566,4.37430477142334,1.565808088344056e-05,6.569819927215576
112001,9.31308364868164,4.402959823608398,1.2645630704355426e-05,6.428007125854492
114001,9.322429656982422,4.448109149932861,1.0797222785186023e-05,6.3006510734558105
116001,9.327102661132812,4.49725866317749,9.418369700142648e-06,6.146212100982666
118001,9.245370864868164,4.531618595123291,7.775743142701685e-06,5.9934306144714355
120001,9.391510009765625,4.64988374710083,6.551606020366307e-06,5.834184646606445
122001,9.331775665283203,4.669765472412109,5.3653825489163864e-06,5.705257892608643
124001,9.341121673583984,4.774317741394043,4.4784846977563575e-06,5.531694412231445
126001,9.384976387023926,4.919760704040527,3.313489969514194e-06,5.378235816955566
128001,9.473934173583984,4.838518142700195,0.0018419971456751227,5.175985813140869
130001,9.445497512817383,4.963262557983398,7.122982424334623e-06,4.97118616104126
132001,9.345793724060059,4.698331356048584,0.002230177167803049,4.999659538269043
134001,9.361502647399902,4.498297214508057,0.004017839208245277,7.332764148712158
136001,9.331775665283203,21.85527992248535,0.0021117907017469406,29.377288818359375
138001,9.288372039794922,26.749996185302734,0.000712419452611357,34.25933074951172
140001,9.327102661132812,26.344924926757812,0.00021087775530759245,33.53396224975586
142001,9.331775665283203,24.07089614868164,0.000273611192824319,30.617919921875
144001,9.269767761230469,21.73202896118164,0.00010936050966847688,27.72827911376953
146001,9.400943756103516,19.1895694732666,7.948343409225345e-05,24.89277458190918
148001,9.265116691589355,16.804460525512695,0.0003355517110321671,21.7725830078125
150001,9.356807708740234,14.89029598236084,6.152772402856499e-05,19.29248809814453
152001,9.336448669433594,13.139556884765625,5.1995288231410086e-05,16.88715934753418
154001,9.317756652832031,11.430663108825684,0.00048608638462610543,14.56408977508545
156001,9.322429656982422,10.036172866821289,0.000544414040632546,12.571208000183105
158001,9.419811248779297,8.742501258850098,0.000629412243142724,10.893270492553711
160001,9.370892524719238,7.356420993804932,6.154603761387989e-05,9.433094024658203
162001,9.410377502441406,6.218935012817383,0.0017485750140622258,8.170552253723145
164001,9.347417831420898,5.913304328918457,0.0015685008838772774,7.176920413970947
166001,9.429244995117188,6.380742073059082,0.0011318811448290944,6.393373966217041
168001,9.356807708740234,5.993875980377197,0.0027891795616596937,5.701504707336426
170001,9.341121673583984,5.7942214012146,0.005375605542212725,5.196386337280273
172001,9.384976387023926,5.773005962371826,0.004599754698574543,4.746161937713623
174001,9.384976387023926,5.60618782043457,0.007957477122545242,4.419090747833252
176001,9.464455604553223,5.369992733001709,0.01432246807962656,4.226398468017578
178001,9.400943756103516,5.130749225616455,0.022042909637093544,4.535277366638184
180001,9.361502647399902,5.837496757507324,0.02188323251903057,5.381166458129883
182001,9.322429656982422,7.370782375335693,0.016302194446325302,6.216127395629883
184001,9.389671325683594,9.27035140991211,0.00669758440926671,6.947202682495117
186001,9.283720970153809,9.709824562072754,0.0011026319116353989,6.848259449005127
188001,9.415094375610352,9.652725219726562,0.0006083878688514233,6.411200046539307
190001,9.429244995117188,9.479535102844238,8.574473758926615e-05,5.857547283172607
192001,9.400943756103516,9.224117279052734,0.0008279167814180255,5.257939338684082
194001,9.31308364868164,8.9429349899292,6.233726162463427e-05,4.647050857543945
196001,9.384976387023926,8.575311660766602,4.86215649289079e-05,3.979949712753296
198001,9.302325248718262,8.17978572845459,3.598781404434703e-05,3.390307664871216
200001,9.331775665283203,7.649375915527344,3.267939609941095e-05,2.756234645843506
202001,9.345793724060059,6.992390155792236,2.8407324862200767e-05,2.169603109359741
204001,9.384976387023926,6.12891960144043,2.6288280423614196e-05,1.6815420389175415
206001,9.380281448364258,5.156956672668457,2.3724538550595753e-05,1.2956753969192505
208001,9.375587463378906,4.445192813873291,2.014468191191554e-05,0.994681179523468
210001,9.293023109436035,3.978386163711548,1.757271274982486e-05,0.7959564924240112
212001,9.370892524719238,3.4663751125335693,1.6982638044282794e-05,0.6046963930130005
214001,9.336448669433594,3.049588680267334,1.6198162484215572e-05,0.4847319424152374
216001,9.384976387023926,2.6479711532592773,1.6959626009338535e-05,0.38571053743362427
218001,9.39622688293457,0.9889205098152161,0.005684283562004566,0.3102535307407379
220001,9.44075870513916,1.8958821296691895,0.006183913443237543,0.24256812036037445
222001,9.345793724060059,1.4830721616744995,0.01805107854306698,0.20524962246418
224001,9.384976387023926,1.2869795560836792,0.019340064376592636,0.17112012207508087
226001,9.514286041259766,3.6353049278259277,0.03977355733513832,0.15527181327342987
228001,9.555024147033691,0.9009883403778076,0.07245689630508423,0.14844167232513428
230001,9.900497436523438,1.0321834087371826,0.1345999836921692,0.1708005964756012
232001,11.207865715026855,1.9251989126205444,0.17614203691482544,0.2420480102300644
234001,16.377050399780273,6.030463695526123,-1.2923065423965454,0.7318852543830872
236001,17.9549560546875,7.05865478515625,-3.5002453327178955,7.120787620544434
238001,9.36619758605957,22.440391540527344,-0.0,14.005528450012207
240001,9.327102661132812,22.943233489990234,-0.0,14.011433601379395
242001,9.410377502441406,22.42378044128418,-0.0,13.30211353302002
244001,9.293023109436035,nan,nan,12.418121337890625
246001,5.827988624572754,nan,nan,nan
248001,5.81632661819458,nan,nan,nan
250001,5.811046600341797,nan,nan,nan
252001,5.842105388641357,nan,nan,nan
254001,5.830904006958008,nan,nan,nan
256001,5.80232572555542,nan,nan,nan
258001,5.819242000579834,nan,nan,nan
260001,5.808139324188232,nan,nan,nan
262001,5.8479533195495605,nan,nan,nan
264001,5.836257457733154,nan,nan,nan
266001,5.7971014976501465,nan,nan,nan
268001,5.791304588317871,nan,nan,nan
270001,5.856305122375488,nan,nan,nan
272001,5.865102767944336,nan,nan,nan
274001,5.862170219421387,nan,nan,nan
276001,5.8250732421875,nan,nan,nan
278001,5.81632661819458,nan,nan,nan
280001,5.85044002532959,nan,nan,nan
282001,5.833333492279053,nan,nan,nan
284001,5.836257457733154,nan,nan,nan
286001,5.867647171020508,nan,nan,nan
288001,5.81632661819458,nan,nan,nan
290001,5.842105388641357,nan,nan,nan
292001,5.85044002532959,nan,nan,nan
294001,5.830409526824951,nan,nan,nan
296001,5.808139324188232,nan,nan,nan
298001,5.856305122375488,nan,nan,nan
300001,5.7971014976501465,nan,nan,nan
302001,5.853372573852539,nan,nan,nan
304001,5.805232524871826,nan,nan,nan
306001,5.8250732421875,nan,nan,nan
308001,5.8250732421875,nan,nan,nan
310001,5.833333492279053,nan,nan,nan
312001,5.822157859802246,nan,nan,nan
314001,5.805232524871826,nan,nan,nan
316001,5.80232572555542,nan,nan,nan
318001,5.813953399658203,nan,nan,nan
320001,5.794203281402588,nan,nan,nan
322001,5.80232572555542,nan,nan,nan
324001,5.805232524871826,nan,nan,nan
326001,5.833333492279053,nan,nan,nan
328001,5.791304588317871,nan,nan,nan
330001,5.788405895233154,nan,nan,nan
332001,5.827988624572754,nan,nan,nan
334001,5.839181423187256,nan,nan,nan
336001,5.822157859802246,nan,nan,nan
338001,5.842105388641357,nan,nan,nan
340001,5.788405895233154,nan,nan,nan
342001,5.842105388641357,nan,nan,nan
344001,5.811046600341797,nan,nan,nan
346001,5.8479533195495605,nan,nan,nan
348001,5.882352828979492,nan,nan,nan
350001,5.822157859802246,nan,nan,nan
352001,5.853372573852539,nan,nan,nan
354001,5.836257457733154,nan,nan,nan
356001,5.805232524871826,nan,nan,nan
358001,5.8250732421875,nan,nan,nan
360001,5.8250732421875,nan,nan,nan
362001,5.811046600341797,nan,nan,nan
364001,5.845029354095459,nan,nan,nan
366001,5.845029354095459,nan,nan,nan
368001,5.8250732421875,nan,nan,nan
370001,5.7994184494018555,nan,nan,nan
372001,5.782608985900879,nan,nan,nan
374001,5.7994184494018555,nan,nan,nan
376001,5.811046600341797,nan,nan,nan
378001,5.81632661819458,nan,nan,nan
380001,5.811046600341797,nan,nan,nan
382001,5.8592376708984375,nan,nan,nan
384001,5.811046600341797,nan,nan,nan
386001,5.8592376708984375,nan,nan,nan
388001,5.813953399658203,nan,nan,nan
390001,5.813411235809326,nan,nan,nan
392001,5.845029354095459,nan,nan,nan
394001,5.808139324188232,nan,nan,nan
396001,5.808139324188232,nan,nan,nan
398001,5.808139324188232,nan,nan,nan
400001,5.819242000579834,nan,nan,nan
402001,5.813953399658203,nan,nan,nan
404001,5.865102767944336,nan,nan,nan
406001,5.830904006958008,nan,nan,nan
408001,5.8479533195495605,nan,nan,nan
410001,5.822157859802246,nan,nan,nan
412001,5.8592376708984375,nan,nan,nan
414001,5.8250732421875,nan,nan,nan
416001,5.811046600341797,nan,nan,nan
418001,5.811046600341797,nan,nan,nan
420001,5.81632661819458,nan,nan,nan
422001,5.882352828979492,nan,nan,nan
424001,5.8250732421875,nan,nan,nan
426001,5.813953399658203,nan,nan,nan
428001,5.7971014976501465,nan,nan,nan
430001,5.808139324188232,nan,nan,nan
432001,5.865102767944336,nan,nan,nan
434001,5.813953399658203,nan,nan,nan
436001,5.85044002532959,nan,nan,nan
438001,5.7687859535217285,nan,nan,nan
440001,5.833333492279053,nan,nan,nan
442001,5.805232524871826,nan,nan,nan
444001,5.805232524871826,nan,nan,nan
446001,5.811046600341797,nan,nan,nan
448001,5.8592376708984375,nan,nan,nan
450001,5.813953399658203,nan,nan,nan
452001,5.777456283569336,nan,nan,nan
454001,5.833333492279053,nan,nan,nan
456001,5.85044002532959,nan,nan,nan
458001,5.7994184494018555,nan,nan,nan
460001,5.830904006958008,nan,nan,nan
462001,5.81632661819458,nan,nan,nan
464001,5.830904006958008,nan,nan,nan
466001,5.839181423187256,nan,nan,nan
468001,5.791304588317871,nan,nan,nan
470001,5.81632661819458,nan,nan,nan
472001,5.856305122375488,nan,nan,nan
474001,5.865102767944336,nan,nan,nan
476001,5.827988624572754,nan,nan,nan
478001,5.830904006958008,nan,nan,nan
480001,5.842105388641357,nan,nan,nan
482001,5.808139324188232,nan,nan,nan
484001,5.8250732421875,nan,nan,nan
486001,5.808139324188232,nan,nan,nan
488001,5.865102767944336,nan,nan,nan
490001,5.842105388641357,nan,nan,nan
492001,5.808139324188232,nan,nan,nan
494001,5.856305122375488,nan,nan,nan
496001,5.813953399658203,nan,nan,nan
498001,5.805232524871826,nan,nan,nan
500001,5.842105388641357,nan,nan,nan
502001,5.8479533195495605,nan,nan,nan
504001,5.8479533195495605,nan,nan,nan
506001,5.805232524871826,nan,nan,nan
508001,5.842105388641357,nan,nan,nan
510001,5.8250732421875,nan,nan,nan
512001,5.853372573852539,nan,nan,nan
514001,5.8592376708984375,nan,nan,nan
516001,5.842105388641357,nan,nan,nan
518001,5.836257457733154,nan,nan,nan
520001,5.81632661819458,nan,nan,nan
522001,5.805232524871826,nan,nan,nan
524001,5.811046600341797,nan,nan,nan
526001,5.8592376708984375,nan,nan,nan
528001,5.7971014976501465,nan,nan,nan
530001,5.856305122375488,nan,nan,nan
532001,5.785507678985596,nan,nan,nan
534001,5.842105388641357,nan,nan,nan
536001,5.808139324188232,nan,nan,nan
538001,5.805232524871826,nan,nan,nan
540001,5.777456283569336,nan,nan,nan
542001,5.8479533195495605,nan,nan,nan
544001,5.80232572555542,nan,nan,nan
546001,5.845029354095459,nan,nan,nan
548001,5.785507678985596,nan,nan,nan
550001,5.8479533195495605,nan,nan,nan
552001,5.827988624572754,nan,nan,nan
554001,5.879411697387695,nan,nan,nan
556001,5.7994184494018555,nan,nan,nan
558001,5.845029354095459,nan,nan,nan
560001,5.808139324188232,nan,nan,nan
562001,5.819242000579834,nan,nan,nan
564001,5.805232524871826,nan,nan,nan
566001,5.853372573852539,nan,nan,nan
568001,5.836257457733154,nan,nan,nan
570001,5.805232524871826,nan,nan,nan
572001,5.808139324188232,nan,nan,nan
574001,5.811046600341797,nan,nan,nan
576001,5.7971014976501465,nan,nan,nan
578001,5.827988624572754,nan,nan,nan
580001,5.813953399658203,nan,nan,nan
582001,5.887905597686768,nan,nan,nan
584001,5.8479533195495605,nan,nan,nan
586001,5.830904006958008,nan,nan,nan
588001,5.808139324188232,nan,nan,nan
590001,5.845029354095459,nan,nan,nan
592001,5.808139324188232,nan,nan,nan
594001,5.827988624572754,nan,nan,nan
596001,5.8479533195495605,nan,nan,nan
598001,5.808139324188232,nan,nan,nan
600001,5.842105388641357,nan,nan,nan
602001,5.833333492279053,nan,nan,nan
604001,5.845029354095459,nan,nan,nan
606001,5.836257457733154,nan,nan,nan
608001,5.819242000579834,nan,nan,nan
610001,5.856305122375488,nan,nan,nan
612001,5.8250732421875,nan,nan,nan
614001,5.8592376708984375,nan,nan,nan
616001,5.836257457733154,nan,nan,nan
618001,5.811046600341797,nan,nan,nan
620001,5.856305122375488,nan,nan,nan
622001,5.822157859802246,nan,nan,nan
624001,5.876470565795898,nan,nan,nan
626001,5.856305122375488,nan,nan,nan
628001,5.808139324188232,nan,nan,nan
630001,5.80232572555542,nan,nan,nan
632001,5.785507678985596,nan,nan,nan
634001,5.85044002532959,nan,nan,nan
636001,5.808139324188232,nan,nan,nan
638001,5.836257457733154,nan,nan,nan
640001,5.819242000579834,nan,nan,nan
642001,5.8250732421875,nan,nan,nan
644001,5.845029354095459,nan,nan,nan
646001,5.856305122375488,nan,nan,nan
648001,5.811046600341797,nan,nan,nan
650001,5.839181423187256,nan,nan,nan
652001,5.836257457733154,nan,nan,nan
654001,5.794203281402588,nan,nan,nan
656001,5.822157859802246,nan,nan,nan
658001,5.865102767944336,nan,nan,nan
660001,5.862170219421387,nan,nan,nan
662001,5.811046600341797,nan,nan,nan
664001,5.882352828979492,nan,nan,nan
666001,5.845029354095459,nan,nan,nan
668001,5.8479533195495605,nan,nan,nan
670001,5.819242000579834,nan,nan,nan
672001,5.867647171020508,nan,nan,nan
674001,5.819242000579834,nan,nan,nan
676001,5.819242000579834,nan,nan,nan
678001,5.81632661819458,nan,nan,nan
680001,5.833333492279053,nan,nan,nan
682001,5.827988624572754,nan,nan,nan
684001,5.842105388641357,nan,nan,nan
686001,5.845029354095459,nan,nan,nan
688001,5.827988624572754,nan,nan,nan
690001,5.80232572555542,nan,nan,nan
692001,5.862170219421387,nan,nan,nan
694001,5.819242000579834,nan,nan,nan
696001,5.819242000579834,nan,nan,nan
698001,5.836257457733154,nan,nan,nan
700001,5.81632661819458,nan,nan,nan
702001,5.853372573852539,nan,nan,nan
704001,5.780346870422363,nan,nan,nan
706001,5.853372573852539,nan,nan,nan
708001,5.822157859802246,nan,nan,nan
710001,5.81632661819458,nan,nan,nan
712001,5.819242000579834,nan,nan,nan
714001,5.887905597686768,nan,nan,nan
716001,5.81632661819458,nan,nan,nan
718001,5.788405895233154,nan,nan,nan
720001,5.81632661819458,nan,nan,nan
722001,5.813953399658203,nan,nan,nan
724001,5.842105388641357,nan,nan,nan
726001,5.862170219421387,nan,nan,nan
728001,5.811046600341797,nan,nan,nan
730001,5.81632661819458,nan,nan,nan
732001,5.813953399658203,nan,nan,nan
734001,5.836257457733154,nan,nan,nan
736001,5.7971014976501465,nan,nan,nan
738001,5.845029354095459,nan,nan,nan
740001,5.8250732421875,nan,nan,nan
742001,5.785507678985596,nan,nan,nan
744001,5.836257457733154,nan,nan,nan
746001,5.8479533195495605,nan,nan,nan
748001,5.827988624572754,nan,nan,nan
750001,5.839181423187256,nan,nan,nan
752001,5.85044002532959,nan,nan,nan
754001,5.819242000579834,nan,nan,nan
756001,5.813953399658203,nan,nan,nan
758001,5.836257457733154,nan,nan,nan
760001,5.827988624572754,nan,nan,nan
762001,5.819242000579834,nan,nan,nan
764001,5.80232572555542,nan,nan,nan
766001,5.836257457733154,nan,nan,nan
768001,5.822157859802246,nan,nan,nan
770001,5.836257457733154,nan,nan,nan
772001,5.833333492279053,nan,nan,nan
774001,5.845029354095459,nan,nan,nan
776001,5.836257457733154,nan,nan,nan
778001,5.808139324188232,nan,nan,nan
780001,5.839181423187256,nan,nan,nan
782001,5.822157859802246,nan,nan,nan
784001,5.788405895233154,nan,nan,nan
786001,5.8479533195495605,nan,nan,nan
788001,5.7994184494018555,nan,nan,nan
790001,5.839181423187256,nan,nan,nan
792001,5.808139324188232,nan,nan,nan
794001,5.808139324188232,nan,nan,nan
796001,5.822157859802246,nan,nan,nan
798001,5.845029354095459,nan,nan,nan
800001,5.842105388641357,nan,nan,nan
802001,5.808139324188232,nan,nan,nan
804001,5.8592376708984375,nan,nan,nan
806001,5.845029354095459,nan,nan,nan
808001,5.853372573852539,nan,nan,nan
810001,5.811046600341797,nan,nan,nan
812001,5.80232572555542,nan,nan,nan
814001,5.8250732421875,nan,nan,nan
816001,5.780346870422363,nan,nan,nan
818001,5.833333492279053,nan,nan,nan
820001,5.7971014976501465,nan,nan,nan
822001,5.80232572555542,nan,nan,nan
824001,5.808139324188232,nan,nan,nan
826001,5.85044002532959,nan,nan,nan
828001,5.853372573852539,nan,nan,nan
830001,5.830904006958008,nan,nan,nan
832001,5.827988624572754,nan,nan,nan
834001,5.856305122375488,nan,nan,nan
836001,5.8250732421875,nan,nan,nan
838001,5.830904006958008,nan,nan,nan
840001,5.805232524871826,nan,nan,nan
842001,5.811046600341797,nan,nan,nan
844001,5.845029354095459,nan,nan,nan
846001,5.833333492279053,nan,nan,nan
848001,5.856305122375488,nan,nan,nan
850001,5.788405895233154,nan,nan,nan
852001,5.822157859802246,nan,nan,nan
854001,5.836257457733154,nan,nan,nan
856001,5.819242000579834,nan,nan,nan
858001,5.811046600341797,nan,nan,nan
860001,5.8250732421875,nan,nan,nan
862001,5.7971014976501465,nan,nan,nan
864001,5.845029354095459,nan,nan,nan
866001,5.836257457733154,nan,nan,nan
868001,5.865102767944336,nan,nan,nan
870001,5.785507678985596,nan,nan,nan
872001,5.833333492279053,nan,nan,nan
874001,5.8250732421875,nan,nan,nan
876001,5.788405895233154,nan,nan,nan
878001,5.856305122375488,nan,nan,nan
880001,5.7971014976501465,nan,nan,nan
882001,5.7971014976501465,nan,nan,nan
884001,5.836257457733154,nan,nan,nan
886001,5.830904006958008,nan,nan,nan
888001,5.842105388641357,nan,nan,nan
890001,5.822157859802246,nan,nan,nan
892001,5.836257457733154,nan,nan,nan
894001,5.805232524871826,nan,nan,nan
896001,5.865102767944336,nan,nan,nan
898001,5.819242000579834,nan,nan,nan
900001,5.822157859802246,nan,nan,nan
902001,5.839181423187256,nan,nan,nan
904001,5.811046600341797,nan,nan,nan
906001,5.827988624572754,nan,nan,nan
908001,5.808139324188232,nan,nan,nan
910001,5.8250732421875,nan,nan,nan
912001,5.791304588317871,nan,nan,nan
914001,5.85044002532959,nan,nan,nan
916001,5.8479533195495605,nan,nan,nan
918001,5.8250732421875,nan,nan,nan
920001,5.862170219421387,nan,nan,nan
922001,5.845029354095459,nan,nan,nan
924001,5.813953399658203,nan,nan,nan
926001,5.8479533195495605,nan,nan,nan
928001,5.8479533195495605,nan,nan,nan
930001,5.788405895233154,nan,nan,nan
932001,5.865102767944336,nan,nan,nan
934001,5.794203281402588,nan,nan,nan
936001,5.7971014976501465,nan,nan,nan
938001,5.7994184494018555,nan,nan,nan
940001,5.822157859802246,nan,nan,nan
942001,5.836257457733154,nan,nan,nan
944001,5.788405895233154,nan,nan,nan
946001,5.830904006958008,nan,nan,nan
948001,5.771676063537598,nan,nan,nan
950001,5.8250732421875,nan,nan,nan
952001,5.827988624572754,nan,nan,nan
954001,5.765895843505859,nan,nan,nan
956001,5.788405895233154,nan,nan,nan
958001,5.81632661819458,nan,nan,nan
960001,5.813953399658203,nan,nan,nan
962001,5.811046600341797,nan,nan,nan
964001,5.788405895233154,nan,nan,nan
966001,5.811046600341797,nan,nan,nan
968001,5.845029354095459,nan,nan,nan
970001,5.853372573852539,nan,nan,nan
972001,5.808139324188232,nan,nan,nan
974001,5.8592376708984375,nan,nan,nan
976001,5.827988624572754,nan,nan,nan
978001,5.8250732421875,nan,nan,nan
980001,5.8250732421875,nan,nan,nan
982001,5.845029354095459,nan,nan,nan
984001,5.856305122375488,nan,nan,nan
986001,5.8250732421875,nan,nan,nan
988001,5.791304588317871,nan,nan,nan
990001,5.8479533195495605,nan,nan,nan
992001,5.805232524871826,nan,nan,nan
994001,5.839181423187256,nan,nan,nan
996001,5.845029354095459,nan,nan,nan
998001,5.813953399658203,nan,nan,nan
