step,reward,grad_theta_J_norms,hypergradient_norms,final_product_norms,critic_loss
1,29.701494216918945,0.6158142685890198,1.8563892841339111,1.2405750751495361,0.16532810032367706
2001,26.79166603088379,0.49298208951950073,1.5733891725540161,1.0804070234298706,0.2306736260652542
4001,25.94805145263672,0.43589940667152405,0.6787126064300537,1.1146119832992554,0.349573016166687
6001,23.535715103149414,0.28282615542411804,1.4616508483886719,1.1788246631622314,0.40282532572746277
8001,24.556962966918945,0.140969380736351,0.4159245193004608,0.2749551236629486,0.4338865280151367
10001,24.134145736694336,0.11350573599338531,0.28713342547416687,0.17362770438194275,0.5569172501564026
12001,21.630435943603516,0.16307051479816437,0.3879396915435791,0.22486919164657593,0.6933839321136475
14001,22.704545974731445,0.2896129786968231,0.923210859298706,0.6335977911949158,0.8835896253585815
16001,21.717391967773438,0.38010841608047485,1.114721655845642,0.734613299369812,0.8841943144798279
18001,23.69047737121582,0.5149338841438293,1.6043492555618286,1.0894153118133545,0.9776625037193298
20001,21.65217399597168,0.6104206442832947,2.0693540573120117,1.4589332342147827,1.1692702770233154
22001,21.681318283081055,0.5955663919448853,1.1542749404907227,0.5587085485458374,1.231644868850708
24001,23.127906799316406,0.6327268481254578,1.0267696380615234,0.39404281973838806,1.3490982055664062
26001,22.269662857055664,0.6234378814697266,1.4808555841445923,0.8574177026748657,1.5176939964294434
28001,22.931034088134766,0.6161168217658997,1.4174165725708008,0.8012996912002563,1.681793212890625
30001,25.389610290527344,0.574369490146637,1.040358066558838,0.4659886658191681,1.577277421951294
32001,29.701494216918945,0.5568335652351379,1.0059863328933716,0.44915276765823364,1.8721387386322021
34001,26.405405044555664,0.6044942736625671,1.4543304443359375,0.8498362302780151,1.9650077819824219
36001,25.89610481262207,0.5485072731971741,1.3502637147903442,0.8017564415931702,2.4267661571502686
38001,30.72307777404785,0.5768771767616272,1.0899873971939087,0.5131101012229919,1.7431366443634033
40001,32.0,0.6407570242881775,1.3372066020965576,0.6964496970176697,2.1537532806396484
42001,32.75,0.5440821647644043,1.3993709087371826,0.8552886843681335,2.3745625019073486
44001,35.03508758544922,0.4733404219150543,1.058099627494812,0.5847592353820801,2.888353109359741
46001,38.32692337036133,0.5184553265571594,1.080422043800354,0.5619667172431946,2.835442304611206
48001,42.468082427978516,0.4424424469470978,0.8632153868675232,0.420772910118103,2.8993589878082275
50001,48.871795654296875,0.39884719252586365,0.8090046644210815,0.4101574420928955,2.89601993560791
52001,35.909088134765625,0.5144282579421997,0.9244125485420227,0.409984290599823,2.9517364501953125
54001,49.400001525878906,0.40700188279151917,0.8674195408821106,0.46041765809059143,2.616605520248413
56001,42.27659606933594,0.4653397798538208,0.9420697689056396,0.4767299294471741,2.6782891750335693
58001,49.875,0.39487582445144653,0.98539137840271,0.5905155539512634,2.9127933979034424
60001,52.394737243652344,0.4979630410671234,0.6231433749198914,0.12518039345741272,2.7097651958465576
62001,56.85293960571289,0.3658876419067383,0.5483921766281128,0.18250451982021332,2.7880234718322754
64001,66.33333587646484,0.5102326273918152,0.8592714667320251,0.34903883934020996,2.8289613723754883
66001,69.75,0.3358880579471588,0.7351574301719666,0.39926937222480774,2.183286666870117
68001,66.55172729492188,0.4492805004119873,1.1665966510772705,0.7173163294792175,2.090913772583008
70001,83.78260803222656,0.4114634394645691,1.030296802520752,0.6188334822654724,1.5383867025375366
72001,66.20000457763672,0.35856902599334717,0.4466490149497986,0.08807997405529022,2.349398136138916
74001,76.68000030517578,0.3290712535381317,0.53764408826828,0.2085728496313095,2.2124900817871094
76001,94.75,0.27020198106765747,0.5308251976966858,0.26062318682670593,2.259990930557251
78001,76.30769348144531,0.35472890734672546,0.8500598073005676,0.49533092975616455,2.4604358673095703
80001,76.91999816894531,0.35572540760040283,0.6947759389877319,0.3390505015850067,1.9946794509887695
82001,89.90909576416016,0.3364753723144531,0.7154172658920288,0.3789418637752533,2.0130815505981445
84001,77.31999969482422,0.28853437304496765,0.5656901597976685,0.2771558463573456,2.4369966983795166
86001,88.2727279663086,0.29927656054496765,0.7193681001663208,0.42009153962135315,2.3096120357513428
88001,116.82353210449219,0.3121778666973114,0.6603733897209167,0.3481954336166382,2.1366515159606934
90001,114.17646789550781,0.4566059708595276,1.1889121532440186,0.7323062419891357,2.3528389930725098
92001,122.0625,0.39072293043136597,0.8053233027458191,0.41460034251213074,1.9850491285324097
94001,131.8000030517578,0.4948357045650482,1.3515424728393555,0.8567068576812744,1.9023040533065796
96001,115.0,0.6038964986801147,1.137396216392517,0.5334997177124023,1.683946132659912
98001,132.93333435058594,0.31243714690208435,0.7585106492042542,0.4460734724998474,1.6203211545944214
100001,139.85714721679688,0.3435533344745636,0.8628239035606384,0.5192705988883972,1.8824498653411865
102001,161.0,0.311021625995636,0.7424801588058472,0.4314585030078888,1.6322605609893799
104001,157.0,0.3699425756931305,0.9257717132568359,0.5558291673660278,1.2299768924713135
106001,157.58334350585938,0.28759026527404785,0.5430243611335754,0.25543415546417236,2.0162014961242676
108001,193.8000030517578,0.3044356405735016,0.5340788960456848,0.22964324057102203,1.4804930686950684
110001,159.83334350585938,0.3212825059890747,0.6806850433349609,0.3594025671482086,0.9068551063537598
112001,172.63636779785156,0.16647182404994965,0.35025206208229065,0.183780238032341,1.167106032371521
114001,178.3636474609375,0.3357803523540497,0.7272744178771973,0.3914940357208252,0.8647307753562927
116001,129.53334045410156,0.19034898281097412,0.37008681893348694,0.179737851023674,1.7530832290649414
118001,173.18182373046875,0.22513750195503235,0.7025974988937378,0.47745999693870544,1.0733402967453003
120001,166.4545440673828,0.25439584255218506,0.5497204661369324,0.2953245937824249,1.3975168466567993
122001,177.72727966308594,0.2586825489997864,0.5482503175735474,0.2895677387714386,0.8644758462905884
124001,197.60000610351562,0.32816505432128906,0.748619794845581,0.4204546809196472,0.7278731465339661
126001,156.08334350585938,0.2361450344324112,0.650166392326355,0.41402140259742737,1.0443696975708008
128001,201.7777862548828,0.18494544923305511,0.28952109813690186,0.10457563400268555,1.9590017795562744
130001,195.3000030517578,0.3685295581817627,0.7774301767349243,0.408900648355484,0.6011951565742493
132001,219.22222900390625,0.23236653208732605,0.47180938720703125,0.2394428551197052,0.8402996063232422
134001,216.875,0.17783980071544647,0.4119984209537506,0.23415863513946533,0.6365423798561096
136001,217.55555725097656,0.43400055170059204,0.9438912272453308,0.5098907351493835,0.676276683807373
138001,218.0,0.2951274514198303,0.5860678553581238,0.29094040393829346,0.5710647702217102
140001,264.2857360839844,0.18968957662582397,0.38320115208625793,0.19351162016391754,0.8404520750045776
142001,296.8333435058594,0.29503798484802246,0.6260085701942444,0.3309705853462219,0.42355775833129883
144001,211.55555725097656,0.23772235214710236,0.4759301543235779,0.23820780217647552,0.7529338598251343
146001,224.5,0.28212782740592957,0.5866362452507019,0.30450841784477234,0.48679983615875244
148001,303.5,0.3096305727958679,0.7060102820396423,0.3963797390460968,0.39917248487472534
150001,283.4285888671875,0.48474836349487305,1.0941516160964966,0.6094032526016235,0.4606182277202606
152001,303.66668701171875,0.20573681592941284,0.44872939586639404,0.2429925948381424,0.7693181037902832
154001,276.14288330078125,0.1626453846693039,0.30451446771621704,0.14186906814575195,1.2037019729614258
156001,259.66668701171875,0.22990119457244873,0.4333346486091614,0.20343343913555145,0.4576396048069
158001,291.5,0.20285604894161224,0.3894169330596924,0.18656088411808014,0.3134990930557251
160001,273.4285888671875,0.10509759187698364,0.21715223789215088,0.11205465346574783,1.1462512016296387
162001,284.16668701171875,0.4093185365200043,1.0144294500350952,0.6051108837127686,0.3234612047672272
164001,289.66668701171875,0.11223197728395462,0.23419605195522308,0.12196408212184906,0.46808961033821106
166001,338.3999938964844,0.20095853507518768,0.3893511891365051,0.18839262425899506,0.6339519023895264
168001,308.3333435058594,0.4473656117916107,0.8039980530738831,0.35663238167762756,1.0402358770370483
170001,330.66668701171875,0.1874830275774002,0.34807127714157104,0.16058826446533203,0.9095183610916138
172001,301.16668701171875,0.40926963090896606,0.8274790048599243,0.41820940375328064,1.0689104795455933
174001,355.20001220703125,0.14758238196372986,0.2884927988052368,0.14091041684150696,0.8549284934997559
176001,311.3333435058594,0.41304245591163635,0.7288642525672913,0.3158217966556549,1.4163570404052734
178001,396.25,0.41656139492988586,0.8180319666862488,0.4014705717563629,0.719423234462738
180001,449.5,0.1222430169582367,0.2075410783290863,0.0852980688214302,2.7062106132507324
182001,421.25,0.309774249792099,0.530209481716156,0.220435231924057,1.2210285663604736
184001,390.3999938964844,0.24492289125919342,0.42580777406692505,0.18088485300540924,1.5384010076522827
186001,500.0,0.14131741225719452,0.2911617159843445,0.14984431862831116,4.113218784332275
188001,433.0,0.22245675325393677,0.4536418616771698,0.23118509352207184,2.3033361434936523
190001,465.5,0.15398567914962769,0.2410288006067276,0.08704311400651932,1.9356803894042969
192001,422.75,0.13891072571277618,0.23255027830600739,0.09363957494497299,4.94906759262085
194001,493.0,0.06967993825674057,0.9562272429466248,0.886547327041626,3.8462250232696533
196001,394.0,0.2216910421848297,0.39533284306526184,0.17364181578159332,1.8169575929641724
198001,479.5,0.228900745511055,0.43806931376457214,0.20916855335235596,1.0206639766693115
200001,423.25,0.2761155962944031,0.5019880533218384,0.2258724570274353,1.8435947895050049
202001,425.25,0.12289032340049744,0.23123863339424133,0.1083483025431633,3.070230722427368
204001,442.5,0.24253712594509125,0.35814061760902405,0.115603506565094,2.2242839336395264
206001,495.5,0.10461287200450897,0.1763918250799179,0.07177893817424774,3.7640626430511475
208001,500.0,0.06335026025772095,0.10180854052305222,0.03845827654004097,6.05477237701416
210001,432.5,0.0526701956987381,0.09623744338750839,0.043567247688770294,5.680717945098877
212001,500.0,0.25115612149238586,0.5595812797546387,0.3084251284599304,3.430197238922119
214001,482.25,0.06054418906569481,0.10168953984975815,0.04114535078406334,6.290731906890869
216001,463.0,0.15463511645793915,0.270256370306015,0.11562125384807587,5.10451078414917
218001,500.0,0.12201330065727234,0.17164291441440582,0.049629610031843185,5.968512535095215
220001,467.75,0.16518835723400116,0.3126397132873535,0.14745137095451355,5.7621026039123535
222001,500.0,0.07785187661647797,0.11557122319936752,0.03771934285759926,7.564459800720215
224001,423.25,0.1671094447374344,0.2872554063796997,0.12014596909284592,4.493131160736084
226001,494.5,0.15109610557556152,0.2517044246196747,0.10060832649469376,4.917078018188477
228001,453.25,0.07165596634149551,0.14067810773849487,0.06902213394641876,6.3927154541015625
230001,389.0,0.07939351350069046,0.13228905200958252,0.05289554223418236,5.535895824432373
232001,500.0,0.07455072551965714,0.1397053599357605,0.06515462696552277,6.272943019866943
234001,493.5,0.14463688433170319,0.23078566789627075,0.08614878356456757,5.3193159103393555
236001,486.25,0.05559659004211426,0.0641588494181633,0.008562262170016766,5.1429057121276855
238001,388.75,0.17306502163410187,0.2806883454322815,0.10762333869934082,4.935484409332275
240001,500.0,0.10338468849658966,0.23126208782196045,0.12787741422653198,6.909995079040527
242001,465.0,0.15507382154464722,0.24253115057945251,0.0874573290348053,4.460336208343506
244001,497.0,0.1845211386680603,0.4290679097175598,0.2445467859506607,5.193406105041504
246001,470.25,0.10756789147853851,0.12056868523359299,0.013000793755054474,5.8646440505981445
248001,441.75,0.06943108141422272,0.1444290429353714,0.07499796152114868,4.923615455627441
250001,500.0,0.14252518117427826,0.23983153700828552,0.09730632603168488,6.916342258453369
252001,500.0,0.07697345316410065,0.08546034246683121,0.008486887440085411,6.916718482971191
254001,432.0,0.1637761890888214,0.19427329301834106,0.030497096478939056,4.2676873207092285
256001,500.0,0.1077430471777916,0.1925860196352005,0.0848429799079895,7.673267841339111
258001,500.0,0.031583771109580994,0.05424047261476517,0.022656701505184174,8.436198234558105
260001,460.0,0.18352457880973816,0.2736336290836334,0.09010905772447586,4.7385783195495605
262001,500.0,0.2412920743227005,0.4180613160133362,0.1767692267894745,6.246203422546387
264001,500.0,0.10421574860811234,0.13913623988628387,0.03492049127817154,9.006214141845703
266001,500.0,0.05605529621243477,0.10140135884284973,0.04534606263041496,8.128326416015625
268001,500.0,0.09485422074794769,0.13116872310638428,0.03631449490785599,9.553553581237793
270001,500.0,0.21009549498558044,0.2685723304748535,0.05847682058811188,8.602201461791992
272001,500.0,0.155702605843544,0.22541087865829468,0.06970825791358948,8.537514686584473
274001,500.0,0.0829220861196518,0.15694840252399445,0.07402631640434265,9.12867546081543
276001,500.0,0.03669419512152672,0.05346931889653206,0.016775120049715042,9.03773021697998
278001,500.0,0.050761785358190536,0.09115166962146759,0.04038987681269646,9.509662628173828
280001,500.0,0.10224468261003494,0.15236423909664154,0.0501195453107357,9.142943382263184
282001,500.0,0.05190681666135788,0.08948229253292084,0.03757547587156296,9.451769828796387
284001,500.0,0.044583696871995926,0.040080104023218155,0.004503592383116484,9.863250732421875
286001,500.0,0.2051776647567749,0.29131853580474854,0.08614089339971542,8.194863319396973
288001,500.0,0.1042838841676712,0.10577786713838577,0.0014939806424081326,8.085038185119629
290001,500.0,0.0844598114490509,0.12274082750082016,0.03828101232647896,5.360623359680176
292001,500.0,0.09712930768728256,0.12698757648468018,0.02985827811062336,7.740461349487305
294001,500.0,0.027929792180657387,0.0681004747748375,0.04017068073153496,8.147229194641113
296001,500.0,0.2346368283033371,0.3056723475456238,0.07103553414344788,6.972390651702881
298001,500.0,0.22038652002811432,0.33779314160346985,0.11740661412477493,5.876083850860596
300001,470.75,0.17329010367393494,0.1725936084985733,0.0006964904605410993,4.466756343841553
302001,472.5,0.16794565320014954,0.22706985473632812,0.05912420526146889,5.647028923034668
304001,500.0,0.4885419011116028,0.7476761341094971,0.2591341435909271,2.196302890777588
306001,500.0,0.05852188542485237,0.07738349586725235,0.01886160857975483,7.327123165130615
308001,500.0,0.34847018122673035,0.23122963309288025,0.1172405481338501,6.179886817932129
310001,500.0,0.1403118222951889,0.2863139510154724,0.14600211381912231,8.024043083190918
312001,500.0,0.14228317141532898,0.14440572261810303,0.002122547710314393,9.875809669494629
314001,500.0,0.07546095550060272,0.09844205528497696,0.02298109605908394,10.092070579528809
316001,500.0,0.05162839591503143,0.05860770493745804,0.006979312282055616,10.646638870239258
318001,500.0,0.06364721059799194,0.10943447053432465,0.0457872599363327,9.979620933532715
320001,500.0,0.04718239605426788,0.03377867490053177,0.013403716497123241,9.854170799255371
322001,500.0,0.043657246977090836,0.023950451985001564,0.019706793129444122,10.853816032409668
324001,478.25,0.33383092284202576,0.4342542290687561,0.10042329132556915,7.695937633514404
326001,500.0,0.08326458930969238,0.1465882509946823,0.06332367658615112,10.08809757232666
328001,500.0,0.08340582996606827,0.13598869740962982,0.05258287489414215,11.315360069274902
330001,500.0,0.1338786631822586,0.0534379705786705,0.0804407000541687,10.913203239440918
332001,465.25,0.053747475147247314,0.046496689319610596,0.007250787224620581,7.347971439361572
334001,500.0,0.1312163770198822,0.1606786996126175,0.029462331905961037,9.36020278930664
336001,500.0,0.14750228822231293,0.1646258533000946,0.017123563215136528,11.095396995544434
338001,474.75,0.09544005990028381,0.06779976934194565,0.027640286833047867,9.366440773010254
340001,500.0,0.03585028275847435,0.04028312489390373,0.004432841204106808,10.092620849609375
342001,444.0,0.055810827761888504,0.08365097641944885,0.02784014493227005,8.583165168762207
344001,471.5,0.11185180395841599,0.20793184638023376,0.09608004987239838,8.1339111328125
346001,500.0,0.06161481887102127,0.054909732192754745,0.006705089472234249,11.371735572814941
348001,434.75,0.1789856255054474,0.2610531747341156,0.08206752687692642,9.525849342346191
350001,500.0,0.09299039840698242,0.17141678929328918,0.07842639088630676,10.606842041015625
352001,488.5,0.10571108758449554,0.10693086683750153,0.0012197793694213033,9.165802955627441
354001,440.5,0.06262125819921494,0.04648686945438385,0.016134385019540787,9.622584342956543
356001,444.25,0.1225217953324318,0.09608177095651627,0.026440031826496124,9.400632858276367
358001,500.0,0.08127214759588242,0.04987088218331337,0.03140127286314964,11.444793701171875
360001,500.0,0.1469743847846985,0.11023794114589691,0.03673644736409187,11.581185340881348
362001,462.5,0.04221300035715103,0.05121632292866707,0.009003324434161186,8.33802318572998
364001,500.0,0.08653784543275833,0.15091603994369507,0.06437819451093674,12.578726768493652
366001,500.0,0.07703845202922821,0.0321761816740036,0.04486227408051491,12.299903869628906
368001,500.0,0.05924385040998459,0.10047664493322372,0.041232794523239136,10.300301551818848
370001,500.0,0.11419731378555298,0.2024541199207306,0.08825680613517761,12.399809837341309
372001,500.0,0.1049245148897171,0.09693054854869843,0.007993974722921848,12.051423072814941
374001,500.0,0.05501165613532066,0.05864518880844116,0.0036335289478302,11.866347312927246
376001,500.0,0.0541391484439373,0.07620874047279358,0.02206958644092083,10.386762619018555
378001,500.0,0.04899130389094353,0.08521903306245804,0.03622772544622421,11.799880981445312
380001,500.0,0.021958990022540092,0.02981145866215229,0.007852471433579922,12.395867347717285
382001,500.0,0.0954955592751503,0.002281840890645981,0.09777740389108658,11.619330406188965
384001,500.0,0.054837919771671295,0.05888894200325012,0.004051021300256252,11.594531059265137
386001,500.0,0.009993764571845531,0.009740879759192467,0.00025288539472967386,12.258979797363281
388001,500.0,0.2599552273750305,0.09770118445158005,0.16225405037403107,10.739367485046387
390001,500.0,0.15553148090839386,0.21996544301509857,0.06443396210670471,11.221470832824707
392001,500.0,0.06227030232548714,0.07337403297424316,0.011103728786110878,11.78860855102539
394001,500.0,0.12229668349027634,0.3014644682407379,0.17916782200336456,11.538853645324707
396001,500.0,0.06400246173143387,0.08930821716785431,0.02530575543642044,12.529585838317871
398001,438.5,0.21902430057525635,0.16224822402000427,0.05677608400583267,10.804224967956543
400001,500.0,0.0951068103313446,0.11963304132223129,0.02452622726559639,10.749134063720703
402001,500.0,0.05962103232741356,0.1447928100824356,0.08517177402973175,13.207579612731934
404001,500.0,0.035854797810316086,0.05314646661281586,0.017291665077209473,10.913071632385254
406001,500.0,0.051857441663742065,0.058151159435510635,0.006293709855526686,12.194613456726074
408001,500.0,0.1742175668478012,0.1479717344045639,0.026245851069688797,12.834425926208496
410001,500.0,0.26355016231536865,0.09083577245473862,0.17271441221237183,11.936432838439941
412001,500.0,0.0750548392534256,0.032411739230155945,0.04264310374855995,12.223548889160156
414001,500.0,0.055872444063425064,0.05466017499566078,0.0012122674379497766,12.9071683883667
416001,500.0,0.07528861612081528,0.07832018285989761,0.003031563712283969,13.120841979980469
418001,500.0,0.09338928014039993,0.08026494830846786,0.013124333694577217,13.515151023864746
420001,500.0,0.09864816814661026,0.11040933430194855,0.01176117267459631,11.547371864318848
422001,500.0,0.08513118326663971,0.11376067250967026,0.028629489243030548,10.053404808044434
424001,500.0,0.06408196687698364,0.09383316338062286,0.02975120209157467,11.341175079345703
426001,500.0,0.05745707079768181,0.06452697515487671,0.007069904822856188,11.270209312438965
428001,500.0,0.1630580723285675,0.23482166230678558,0.07176359742879868,13.165843963623047
430001,500.0,0.10539595037698746,0.19381366670131683,0.08841770887374878,12.930272102355957
432001,500.0,0.09576665610074997,0.08170623332262039,0.17747288942337036,10.444769859313965
434001,500.0,0.020369697362184525,0.02200993150472641,0.0016402333276346326,11.510286331176758
436001,500.0,0.054379627108573914,0.05510121211409569,0.000721580523531884,10.27962875366211
438001,500.0,0.07748235762119293,0.13510142266750336,0.057619065046310425,12.587716102600098
440001,500.0,0.07576055079698563,0.11161959171295166,0.035859037190675735,8.74516773223877
442001,500.0,0.042895060032606125,0.052518244832754135,0.009623185731470585,11.612616539001465
444001,500.0,0.0817088857293129,0.0485144667327404,0.033194418996572495,12.962443351745605
446001,500.0,0.17154067754745483,0.21844527125358582,0.04690457880496979,8.421785354614258
448001,500.0,0.11625037342309952,0.06350651383399963,0.052743859589099884,7.629886627197266
450001,500.0,0.13737992942333221,0.002329339040443301,0.13505059480667114,11.713066101074219
452001,500.0,0.12127260863780975,0.12204963713884354,0.000777023087721318,8.689053535461426
454001,500.0,0.1581481695175171,0.24614064395427704,0.08799248933792114,10.679364204406738
456001,500.0,0.1775374859571457,0.22502054274082184,0.04748302698135376,9.796372413635254
458001,500.0,0.08148917555809021,0.10092797130346298,0.019438795745372772,9.618892669677734
460001,500.0,0.08177313953638077,0.05695729702711105,0.02481585182249546,12.363167762756348
462001,500.0,0.05093957111239433,0.050042856484651566,0.0008967132307589054,12.475833892822266
464001,500.0,0.04019111767411232,0.03356008604168892,0.006631029769778252,11.840676307678223
466001,500.0,0.11134611815214157,0.04805685207247734,0.06328926235437393,8.995409965515137
468001,500.0,0.036128703504800797,0.01216814573854208,0.023960556834936142,12.364012718200684
470001,500.0,0.08474152535200119,0.06973278522491455,0.015008741058409214,13.718171119689941
472001,500.0,0.08142600953578949,0.08351799845695496,0.0020919942762702703,13.06907844543457
474001,500.0,0.06994219869375229,0.09873983263969421,0.02879762463271618,12.253316879272461
476001,500.0,0.09242304414510727,0.09540881961584091,0.0029857726767659187,11.585111618041992
478001,500.0,0.07491413503885269,0.09617256373167038,0.021258428692817688,12.681540489196777
480001,500.0,0.06083732843399048,0.058895207941532135,0.0019421241013333201,14.46234130859375
482001,500.0,0.050316523760557175,0.07856817543506622,0.02825164794921875,14.285265922546387
484001,500.0,0.13178914785385132,0.18294396996498108,0.051154810935258865,14.141824722290039
486001,500.0,0.11625617742538452,0.08936551213264465,0.026890667155385017,13.883216857910156
488001,500.0,0.11861352622509003,0.007048055995255709,0.12566158175468445,12.351957321166992
490001,500.0,0.09967977553606033,0.1695685237646103,0.06988874077796936,12.975439071655273
492001,500.0,0.034813396632671356,0.03605091944336891,0.0012375242076814175,13.417109489440918
494001,500.0,0.05386015400290489,0.06387562304735184,0.010015466250479221,13.845612525939941
496001,500.0,0.042412761598825455,0.05177807807922363,0.009365311823785305,13.618094444274902
498001,500.0,0.05796132981777191,0.03094402886927128,0.027017302811145782,13.760272026062012
500001,500.0,0.12690329551696777,0.1829690784215927,0.056065790355205536,11.757641792297363
502001,500.0,0.18174096941947937,0.188384011387825,0.00664303544908762,11.567695617675781
504001,500.0,0.12143997102975845,0.16013406217098236,0.0386941060423851,13.85305118560791
506001,500.0,0.017262661829590797,0.013434050604701042,0.003828613320365548,13.871294975280762
508001,500.0,0.03804687410593033,0.0802367627620697,0.042189888656139374,13.796757698059082
510001,500.0,0.06838986277580261,0.03234617039561272,0.0360436886548996,13.575533866882324
512001,500.0,0.039259377866983414,0.0023309136740863323,0.04159029200673103,11.107404708862305
514001,500.0,0.0846916139125824,0.09111364930868149,0.006422031205147505,10.262693405151367
516001,500.0,0.08080832660198212,0.09868976473808289,0.017881426960229874,10.7444486618042
518001,500.0,0.08631637692451477,0.13335303962230682,0.04703667014837265,10.245467185974121
520001,500.0,0.12783783674240112,0.18646912276744843,0.05863130837678909,9.90434741973877
522001,500.0,0.08401069045066833,0.04953625053167343,0.034474439918994904,7.559025287628174
524001,500.0,0.05130687728524208,0.058686308562755585,0.007379431277513504,9.373798370361328
526001,500.0,0.03632060065865517,0.02930724434554577,0.0070133572444319725,10.040790557861328
528001,500.0,0.08474041521549225,0.11993230879306793,0.03519190102815628,10.070211410522461
530001,500.0,0.07535302639007568,0.09981073439121246,0.024457700550556183,6.0240960121154785
532001,500.0,0.06039509177207947,0.10019207745790482,0.03979698568582535,8.633441925048828
534001,500.0,0.05815020948648453,0.04935933277010918,0.008790882304310799,12.47828483581543
536001,500.0,0.16934524476528168,0.19996924698352814,0.03062400035560131,9.330313682556152
538001,500.0,0.05491398647427559,0.07711818814277649,0.02220420353114605,9.319506645202637
540001,500.0,0.08720269799232483,0.0779443010687828,0.009258395060896873,5.566453456878662
542001,500.0,0.27812713384628296,0.31745645403862,0.03932930901646614,5.7997870445251465
544001,500.0,0.11368093639612198,0.13393521308898926,0.02025427855551243,3.6574974060058594
546001,500.0,0.27250799536705017,0.26473838090896606,0.0077696493826806545,3.778430700302124
548001,500.0,0.10323820263147354,0.10813551396131516,0.004897309932857752,7.005631446838379
550001,500.0,0.16575992107391357,0.19272233545780182,0.026962412521243095,7.615751266479492
552001,500.0,0.13474726676940918,0.12575934827327728,0.008987918496131897,7.277824878692627
554001,500.0,0.2010648548603058,0.21272613108158112,0.011661277152597904,3.473295211791992
556001,500.0,0.1332436054944992,0.2367831915616989,0.10353957116603851,11.83121109008789
558001,500.0,0.09920132160186768,0.1439526081085205,0.044751282781362534,9.91140365600586
560001,500.0,0.0833144262433052,0.1138908863067627,0.030576461926102638,11.27029037475586
562001,500.0,0.06576032936573029,0.0962982177734375,0.03053789772093296,12.691824913024902
564001,500.0,0.05642006918787956,0.06830897182226181,0.011888903565704823,11.32473373413086
566001,500.0,0.04942866414785385,0.06889402866363525,0.019465366378426552,13.318655967712402
568001,500.0,0.013974688947200775,0.014837697148323059,0.0008630091906525195,14.910036087036133
570001,500.0,0.06608985364437103,0.039973847568035126,0.026116006076335907,13.835797309875488
572001,500.0,0.013255910947918892,0.00641546631231904,0.006840444635599852,14.703351020812988
574001,500.0,0.06990157067775726,0.11102498322725296,0.0411234125494957,14.431640625
576001,500.0,0.08570967614650726,0.08153735101222992,0.004172326996922493,14.743754386901855
578001,500.0,0.03382658585906029,0.055528052151203156,0.021701470017433167,13.296616554260254
580001,500.0,0.2689365744590759,0.117482028901577,0.15145458281040192,12.607365608215332
582001,500.0,0.04135161265730858,0.057341791689395905,0.015990177169442177,14.480679512023926
584001,500.0,0.04172946512699127,0.042736560106277466,0.0010070981224998832,12.100043296813965
586001,500.0,0.14609390497207642,0.1584433764219284,0.012349467724561691,9.847760200500488
588001,500.0,0.1415088176727295,0.2095038741827011,0.06799506396055222,10.130939483642578
590001,500.0,0.177114799618721,0.10990812629461288,0.06720668077468872,11.048872947692871
592001,500.0,0.044338252395391464,0.02695654332637787,0.017381707206368446,12.009150505065918
594001,500.0,0.03912033885717392,0.048746343702077866,0.009626006707549095,13.106287956237793
596001,500.0,0.10046146810054779,0.09510932862758636,0.005352141801267862,10.798088073730469
598001,500.0,0.20372168719768524,0.19181855022907257,0.011903123930096626,9.48105239868164
600001,500.0,0.13393481075763702,0.22860871255397797,0.09467390179634094,12.202231407165527
602001,500.0,0.03226432576775551,0.012725613079965115,0.01953871175646782,14.535530090332031
604001,500.0,0.1491074413061142,0.15441498160362244,0.0053075398318469524,13.539209365844727
606001,500.0,0.08284015208482742,0.08230288326740265,0.0005372702144086361,11.616363525390625
608001,500.0,0.1458617001771927,0.11382324248552322,0.032038453966379166,16.17007827758789
610001,500.0,0.09584899246692657,0.11204130947589874,0.016192322596907616,14.790764808654785
612001,500.0,0.17064900696277618,0.17130109667778015,0.0006520812748931348,15.758904457092285
614001,500.0,0.06990393251180649,0.04058273881673813,0.029321206733584404,14.95293140411377
616001,500.0,0.027220377698540688,0.024176767095923424,0.0030436108354479074,14.957002639770508
618001,500.0,0.10177463293075562,0.11563308537006378,0.013858454301953316,15.374594688415527
620001,500.0,0.09048077464103699,0.10557439178228378,0.01509361993521452,16.674179077148438
622001,500.0,0.05814661458134651,0.07147982716560364,0.013333196751773357,15.96428394317627
624001,500.0,0.020678257569670677,0.022869758307933807,0.002191502135246992,16.3897762298584
626001,500.0,0.07164555788040161,0.060067068785429,0.011578487232327461,17.102537155151367
628001,500.0,0.12968821823596954,0.08712310343980789,0.042565103620290756,17.193540573120117
630001,500.0,0.01975957304239273,0.0032996253576129675,0.01645994558930397,16.655426025390625
632001,500.0,0.06998400390148163,0.06882080435752869,0.0011631983797997236,14.548432350158691
634001,500.0,0.0770164504647255,0.1441056728363037,0.06708921492099762,16.17068099975586
636001,500.0,0.11056945472955704,0.11157397925853729,0.0010045194067060947,14.129542350769043
638001,500.0,0.027644634246826172,0.036439839750528336,0.008795206435024738,16.38555145263672
640001,500.0,0.10008939355611801,0.07344955950975418,0.026639839634299278,15.622143745422363
642001,500.0,0.05952129513025284,0.024416163563728333,0.035105131566524506,16.3477783203125
644001,500.0,0.1218726858496666,0.1618901640176773,0.04001748561859131,15.51699161529541
646001,500.0,0.13991060853004456,0.09675927460193634,0.04315134137868881,15.17869758605957
648001,500.0,0.11832462251186371,0.09091268479824066,0.027411935850977898,15.094663619995117
650001,500.0,0.05710630118846893,0.05082948878407478,0.006276807747781277,16.036649703979492
652001,500.0,0.10627716779708862,0.040045399218797684,0.06623177230358124,15.497099876403809
654001,500.0,0.031878791749477386,0.03480835258960724,0.0029295615386217833,15.215906143188477
656001,500.0,0.06060490384697914,0.04176724702119827,0.018837658688426018,14.836255073547363
658001,500.0,0.11246718466281891,0.15018843114376068,0.03772125020623207,14.577095031738281
660001,500.0,0.07152263075113297,0.0058991387486457825,0.06562349945306778,16.38308334350586
662001,500.0,0.06868952512741089,0.09532275795936584,0.02663322538137436,15.589628219604492
664001,500.0,0.07155037671327591,0.020441101863980293,0.09199147671461105,16.316560745239258
666001,500.0,0.05083563178777695,0.05543779581785202,0.004602167289704084,16.005603790283203
668001,500.0,0.21646104753017426,0.038111813366413116,0.17834924161434174,15.197539329528809
670001,500.0,0.11800680309534073,0.08574531227350235,0.032261498272418976,16.20170783996582
672001,500.0,0.08033457398414612,0.10907705873250961,0.18941164016723633,15.785510063171387
674001,500.0,0.06646502763032913,0.07110276073217392,0.0046377284452319145,14.888835906982422
676001,500.0,0.10380290448665619,0.13717029988765717,0.03336739540100098,15.52754020690918
678001,500.0,0.0409468449652195,0.03105076588690281,0.07199761271476746,17.065149307250977
680001,500.0,0.1766214817762375,0.4663415849208832,0.2897200584411621,15.262918472290039
682001,500.0,0.04125899076461792,0.013261914253234863,0.027997076511383057,15.377830505371094
684001,500.0,0.0850907564163208,0.12833569943904877,0.043244946748018265,12.659201622009277
686001,500.0,0.16875357925891876,0.0030969560611993074,0.16565661132335663,14.936551094055176
688001,500.0,0.3457967936992645,0.34153398871421814,0.00426281476393342,15.314515113830566
690001,500.0,0.18608199059963226,0.16033853590488434,0.02574346400797367,14.62647819519043
692001,500.0,0.16705012321472168,0.19030551612377167,0.023255394771695137,16.432086944580078
694001,500.0,0.07060693949460983,0.060969576239585876,0.00963736791163683,14.41596794128418
696001,500.0,0.20795367658138275,0.11027418822050095,0.097679503262043,14.177773475646973
698001,500.0,0.05596654489636421,0.048489760607481,0.007476784288883209,14.970132827758789
700001,500.0,0.19727933406829834,0.16648241877555847,0.030796915292739868,14.979074478149414
702001,500.0,0.1748395711183548,0.20507675409317017,0.03023718111217022,15.72198486328125
704001,500.0,0.04115677252411842,0.045179158449172974,0.004022385459393263,15.309208869934082
706001,500.0,0.06353943794965744,0.019276954233646393,0.04426248371601105,15.171656608581543
708001,500.0,0.010309571400284767,0.001070947153493762,0.011380518786609173,14.943646430969238
710001,500.0,0.12111582607030869,0.22180314362049103,0.10068732500076294,14.59351634979248
712001,500.0,0.0507282093167305,0.03546947240829468,0.015258736908435822,15.35467529296875
714001,500.0,0.09256409108638763,0.08214867115020752,0.010415417142212391,15.925261497497559
716001,500.0,0.03754788637161255,0.041951823979616165,0.004403933882713318,15.389786720275879
718001,500.0,0.09783473610877991,0.05857771262526512,0.03925700858235359,15.511961936950684
720001,500.0,0.10871633142232895,0.05704386532306671,0.05167246609926224,16.136871337890625
722001,500.0,0.044225454330444336,0.004233752842992544,0.04845920950174332,16.376758575439453
724001,500.0,0.0951276421546936,0.07078628987073898,0.02434135600924492,15.630453109741211
726001,500.0,0.13961471617221832,0.13604862987995148,0.0035660944413393736,14.245970726013184
728001,500.0,0.04991825670003891,0.03536484017968178,0.014553413726389408,14.705316543579102
730001,500.0,0.0373518131673336,0.035279374569654465,0.00207243743352592,15.858242988586426
732001,500.0,0.037206485867500305,0.0610385462641716,0.023832062259316444,15.409777641296387
734001,500.0,0.10535789281129837,0.032523222267627716,0.07283467799425125,15.354447364807129
736001,500.0,0.09127581864595413,0.06752792000770569,0.023747900500893593,13.811075210571289
738001,500.0,0.18210557103157043,0.16169555485248566,0.02040998823940754,14.383966445922852
740001,500.0,0.15541432797908783,0.09746323525905609,0.05795109272003174,15.388449668884277
742001,500.0,0.2016516476869583,0.09927580505609512,0.10237585008144379,15.144754409790039
744001,500.0,0.21582989394664764,0.14733782410621643,0.06849207729101181,14.477424621582031
746001,500.0,0.2243741750717163,0.027037547901272774,0.2514117360115051,15.84572982788086
748001,500.0,0.023259539157152176,0.014833975583314896,0.00842556357383728,16.00032615661621
750001,500.0,0.04451005905866623,0.05368005111813545,0.009169992059469223,15.79534912109375
752001,500.0,0.10879460722208023,0.17463624477386475,0.06584162265062332,15.480522155761719
754001,500.0,0.07949874550104141,0.04687746614217758,0.03262127563357353,13.143656730651855
756001,500.0,0.08074356615543365,0.08167450875043869,0.000930940848775208,14.26203441619873
758001,500.0,0.10691460967063904,0.04991759732365608,0.056997016072273254,14.255338668823242
760001,500.0,0.0791904628276825,0.04126105085015297,0.037929411977529526,15.060772895812988
762001,500.0,0.025185275822877884,0.012054620310664177,0.013130656443536282,15.865601539611816
764001,500.0,0.15882465243339539,0.25091537833213806,0.09209071099758148,14.158551216125488
766001,500.0,0.09788613021373749,0.1030043363571167,0.005118196364492178,15.997518539428711
768001,500.0,0.041231174021959305,0.02891385927796364,0.012317312881350517,14.617376327514648
770001,500.0,0.09613189846277237,0.1440790444612503,0.04794715717434883,15.046560287475586
772001,500.0,0.08457566052675247,0.04963497817516327,0.0349406860768795,15.353670120239258
774001,500.0,0.20568415522575378,0.180818572640419,0.02486557886004448,15.77029037475586
776001,500.0,0.08446722477674484,0.014812806621193886,0.0696544200181961,15.942062377929688
778001,500.0,0.22745926678180695,0.2830285131931305,0.05556928366422653,15.456491470336914
780001,500.0,0.05424225702881813,0.073039710521698,0.018797457218170166,15.683876037597656
782001,500.0,0.08061105012893677,0.09148886799812317,0.010877816006541252,15.055826187133789
784001,500.0,0.14694133400917053,0.08516895025968552,0.06177237629890442,15.906534194946289
786001,500.0,0.07713276892900467,0.033514492213726044,0.043618276715278625,15.986794471740723
788001,500.0,0.08377879112958908,0.06483348459005356,0.018945304676890373,14.976709365844727
790001,500.0,0.08587812632322311,0.0904928594827652,0.004614732693880796,15.625017166137695
792001,500.0,0.211587056517601,0.2332020252943039,0.02161499299108982,15.832718849182129
794001,500.0,0.2795679271221161,0.24849219620227814,0.0310757327824831,15.82711124420166
796001,500.0,0.13866224884986877,0.24152116477489471,0.10285890847444534,14.847641944885254
798001,500.0,0.10261152684688568,0.04047340154647827,0.06213812530040741,15.581286430358887
800001,500.0,0.13184934854507446,0.07483072578907013,0.05701861158013344,15.472704887390137
802001,500.0,0.051107827574014664,0.03351818397641182,0.017589639872312546,15.42434024810791
804001,500.0,0.17421233654022217,0.17161861062049866,0.00259374245069921,15.4027681350708
806001,500.0,0.24978363513946533,0.32748493552207947,0.07770130038261414,14.790714263916016
808001,500.0,0.08614381402730942,0.08372315019369125,0.002420664532110095,14.972965240478516
810001,500.0,0.04068497195839882,0.041204605251550674,0.00051963294390589,13.985248565673828
812001,500.0,0.167861670255661,0.24689213931560516,0.07903048396110535,15.845763206481934
814001,500.0,0.07394017279148102,0.036496955901384354,0.037443216890096664,15.252656936645508
816001,500.0,0.02537381835281849,0.030585693195462227,0.005211875308305025,14.569863319396973
818001,500.0,0.02929413691163063,0.040267910808324814,0.010973776690661907,14.920121192932129
820001,500.0,0.1140357255935669,0.10579711198806763,0.00823862012475729,15.428475379943848
822001,500.0,0.1117435172200203,0.032815806567668915,0.07892770320177078,15.557755470275879
824001,500.0,0.030361341312527657,0.013082240708172321,0.01727909967303276,15.910845756530762
826001,500.0,0.08788641542196274,0.08021035045385361,0.007676053326576948,14.60851001739502
828001,500.0,0.12327897548675537,0.06127137318253517,0.062007591128349304,15.221970558166504
830001,500.0,0.20662139356136322,0.2726471722126007,0.06602577120065689,13.995193481445312
832001,500.0,0.15789000689983368,0.18002057075500488,0.022130561992526054,14.130472183227539
834001,500.0,0.09286163747310638,0.14492756128311157,0.05206591635942459,13.739545822143555
836001,500.0,0.17403291165828705,0.1403360217809677,0.03369690850377083,14.150039672851562
838001,500.0,0.04806330054998398,0.032190095633268356,0.015873203054070473,15.592620849609375
840001,500.0,0.08196408301591873,0.02548612840473652,0.05647795647382736,15.486900329589844
842001,500.0,0.1544172614812851,0.031819891184568405,0.12259736657142639,15.302936553955078
844001,500.0,0.2674500346183777,0.25841274857521057,0.009037265554070473,15.41254997253418
846001,500.0,0.049824293702840805,0.03905646875500679,0.010767824947834015,15.645177841186523
848001,500.0,0.041682712733745575,0.015246279537677765,0.02643643319606781,15.255005836486816
850001,500.0,0.019781002774834633,0.01923389546573162,0.0005471064941957593,14.999590873718262
852001,500.0,0.0525045171380043,0.04229319095611572,0.010211325250566006,15.476395606994629
854001,500.0,0.12174560129642487,0.06405001133680344,0.05769558995962143,16.126306533813477
856001,500.0,0.0526709221303463,0.04208497703075409,0.010585946030914783,15.706883430480957
858001,500.0,0.041268251836299896,0.08013898134231567,0.038870736956596375,15.340853691101074
860001,500.0,0.06269029527902603,0.035285141319036484,0.027405155822634697,15.808026313781738
862001,500.0,0.05540718138217926,0.06871107965707779,0.013303897343575954,15.155734062194824
864001,500.0,0.11743273586034775,0.18375961482524872,0.06632687151432037,14.507340431213379
866001,500.0,0.06093801558017731,0.12439562380313873,0.18533363938331604,15.075130462646484
868001,500.0,0.040558941662311554,0.07821303606033325,0.0376540943980217,15.561650276184082
870001,500.0,0.09726910293102264,0.15808549523353577,0.06081639975309372,14.255265235900879
872001,500.0,0.13084325194358826,0.12283443659543991,0.008008810691535473,12.278770446777344
874001,500.0,0.09613028168678284,0.13532805442810059,0.039197783917188644,14.51542854309082
876001,500.0,0.1357722133398056,0.06561228632926941,0.0701599270105362,14.394098281860352
878001,500.0,0.03395635634660721,0.030688511207699776,0.0032678425777703524,14.314375877380371
880001,500.0,0.028091201558709145,0.02760947309434414,0.0004817298904526979,13.173478126525879
882001,500.0,0.21694667637348175,0.21231451630592346,0.004632191266864538,12.901920318603516
884001,500.0,0.11329212784767151,0.07395117729902267,0.03934095799922943,13.972387313842773
886001,500.0,0.05298537760972977,0.08680517226457596,0.03381979092955589,15.138440132141113
888001,500.0,0.047203369438648224,0.02552720531821251,0.021676165983080864,15.104778289794922
890001,500.0,0.047098562121391296,0.08413438498973846,0.037035830318927765,15.043900489807129
892001,500.0,0.040711384266614914,0.041160210967063904,0.00044883022201247513,15.254749298095703
894001,500.0,0.12499620765447617,0.12708212435245514,0.0020859285723417997,15.229314804077148
896001,500.0,0.10763605684041977,0.10804630070924759,0.0004102331295143813,15.410223007202148
898001,500.0,0.03745006024837494,0.018313976004719734,0.019136087968945503,15.488727569580078
900001,500.0,0.07109009474515915,0.0803755670785904,0.009285478852689266,15.017837524414062
902001,500.0,0.08263148367404938,0.04475533589720726,0.03787614405155182,14.83663272857666
904001,500.0,0.10187315195798874,0.07637405395507812,0.025499094277620316,15.297065734863281
906001,500.0,0.3058975338935852,0.1694888025522232,0.1364087015390396,15.847477912902832
908001,500.0,0.1454322785139084,0.03245871141552925,0.11297355592250824,16.210155487060547
910001,500.0,0.03281337767839432,0.019712461158633232,0.013100920245051384,15.076565742492676
912001,500.0,0.026294654235243797,0.03989821672439575,0.01360356155782938,14.548288345336914
914001,500.0,0.03730497509241104,0.015197833999991417,0.05250281095504761,16.170143127441406
916001,500.0,0.09943215548992157,0.0655566081404686,0.03387554734945297,13.583155632019043
918001,500.0,0.2629818916320801,0.222284197807312,0.040697675198316574,15.329071998596191
920001,500.0,0.23102056980133057,0.32947954535484314,0.09845899045467377,15.615438461303711
922001,500.0,0.05311054736375809,0.028448686003684998,0.08155923336744308,15.204647064208984
924001,500.0,0.033798232674598694,0.038705118000507355,0.004906888585537672,15.512956619262695
926001,500.0,0.08576687425374985,0.12477250397205353,0.03900562599301338,15.883378982543945
928001,500.0,0.022226175293326378,0.00784969050437212,0.014376484788954258,15.7347993850708
930001,500.0,0.12586085498332977,0.07798505574464798,0.04787581041455269,15.138256072998047
932001,500.0,0.054258059710264206,0.05145980417728424,0.0027982480823993683,14.76305103302002
934001,500.0,0.12847313284873962,0.15523633360862732,0.026763183996081352,15.391326904296875
936001,500.0,0.15428583323955536,0.17216408252716064,0.017878269776701927,15.334939956665039
938001,500.0,0.14742276072502136,0.2047451138496399,0.057322364300489426,14.969938278198242
940001,500.0,0.2641924321651459,0.15214185416698456,0.11205055564641953,13.867695808410645
942001,500.0,0.16363726556301117,0.27164340019226074,0.10800612717866898,13.975252151489258
944001,500.0,0.17716310918331146,0.03178854659199715,0.1453745812177658,15.847744941711426
946001,500.0,0.12869542837142944,0.10076045244932175,0.02793496660888195,15.81685733795166
948001,500.0,0.17269527912139893,0.23935969173908234,0.0666644275188446,13.764544486999512
950001,500.0,0.07186836004257202,0.06494925171136856,0.006919113453477621,14.040117263793945
952001,500.0,0.04602356255054474,0.005038521718233824,0.05106208473443985,13.776388168334961
954001,500.0,0.08100330084562302,0.024387899786233902,0.056615401059389114,12.642538070678711
956001,500.0,0.10707681626081467,0.09976959228515625,0.007307215128093958,13.400723457336426
958001,500.0,0.021720565855503082,0.039108406752347946,0.017387839034199715,15.088863372802734
960001,500.0,0.10601343214511871,0.1179511696100235,0.011937741190195084,13.936763763427734
962001,500.0,0.04760472849011421,0.11870235949754715,0.07109762728214264,12.643499374389648
964001,500.0,0.1328599900007248,0.11735731363296509,0.01550267357379198,15.332971572875977
966001,500.0,0.13262030482292175,0.17139509320259094,0.038774799555540085,12.36641788482666
968001,500.0,0.11269475519657135,0.09761995077133179,0.015074800699949265,14.004197120666504
970001,500.0,0.2598124146461487,0.18782725930213928,0.07198516279459,15.051443099975586
972001,500.0,0.052762724459171295,0.06105078011751175,0.00828805472701788,13.501548767089844
974001,500.0,0.028793858364224434,0.020657213404774666,0.008136644028127193,13.177648544311523
976001,500.0,0.05676886811852455,0.10564064234495163,0.04887177422642708,15.154167175292969
978001,500.0,0.1753898411989212,0.08039692044258118,0.09499291330575943,15.29542350769043
980001,500.0,0.14290082454681396,0.12755084037780762,0.015349979512393475,15.53037166595459
982001,500.0,0.021251820027828217,0.04538518562912941,0.024133367463946342,16.5095157623291
984001,500.0,0.0597846694290638,0.11209696531295776,0.05231228843331337,13.999932289123535
986001,500.0,0.1831653118133545,0.18139736354351044,0.001767937559634447,13.668984413146973
988001,500.0,0.1257055550813675,0.1576915830373764,0.031986016780138016,13.390474319458008
990001,500.0,0.10557051002979279,0.115236796438694,0.009666284546256065,14.346393585205078
992001,500.0,0.18960006535053253,0.21757523715496063,0.02797517739236355,15.78577709197998
994001,500.0,0.1587904542684555,0.10397811979055405,0.054812319576740265,14.521632194519043
996001,500.0,0.10481193661689758,0.0827937051653862,0.022018227726221085,15.625814437866211
998001,500.0,0.02708759531378746,0.01982480101287365,0.007262795697897673,14.796659469604492
