step,reward,hypergradient_norms,actor_loss,critic_loss
1,29.701494216918945,1.8563892841339111,0.04231489077210426,0.16532810032367706
2001,26.79166603088379,1.5733891725540161,0.05194670334458351,0.2306736260652542
4001,25.94805145263672,0.6787126064300537,0.041504234075546265,0.349573016166687
6001,23.535715103149414,1.4616508483886719,0.022311529144644737,0.40282532572746277
8001,24.556962966918945,0.4159245193004608,0.02557394839823246,0.4338865280151367
10001,24.134145736694336,0.28713342547416687,0.023655729368329048,0.5569172501564026
12001,21.630435943603516,0.3879396915435791,0.02001277729868889,0.6933839321136475
14001,22.704545974731445,0.923210859298706,0.008640960790216923,0.8835896253585815
16001,21.717391967773438,1.114721655845642,0.023045605048537254,0.8841943144798279
18001,23.69047737121582,1.6043492555618286,0.01911848969757557,0.9776625037193298
20001,21.65217399597168,2.0693540573120117,0.03146415203809738,1.1692702770233154
22001,21.681318283081055,1.1542749404907227,0.012595160864293575,1.231644868850708
24001,23.127906799316406,1.0267696380615234,0.020728718489408493,1.3490982055664062
26001,22.269662857055664,1.4808555841445923,-0.002763082506135106,1.5176939964294434
28001,22.931034088134766,1.4174165725708008,-0.007397838868200779,1.681793212890625
30001,25.389610290527344,1.040358066558838,-0.030345257371664047,1.577277421951294
32001,29.701494216918945,1.0059863328933716,-0.03691105917096138,1.8721387386322021
34001,26.405405044555664,1.4543304443359375,-0.042402759194374084,1.9650077819824219
36001,25.89610481262207,1.3502637147903442,-0.0743299275636673,2.4267661571502686
38001,30.72307777404785,1.0899873971939087,-0.07982269674539566,1.7431366443634033
40001,32.0,1.3372066020965576,-0.08093041181564331,2.1537532806396484
42001,32.75,1.3993709087371826,-0.09902423620223999,2.3745625019073486
44001,35.03508758544922,1.058099627494812,-0.10854925215244293,2.888353109359741
46001,38.32692337036133,1.080422043800354,-0.09848751127719879,2.835442304611206
48001,42.468082427978516,0.8632153868675232,-0.1200253963470459,2.8993589878082275
50001,48.871795654296875,0.8090046644210815,-0.13110661506652832,2.89601993560791
52001,35.909088134765625,0.9244125485420227,-0.1555037945508957,2.9517364501953125
54001,49.400001525878906,0.8674195408821106,-0.12966889142990112,2.616605520248413
56001,42.27659606933594,0.9420697689056396,-0.17037078738212585,2.6782891750335693
58001,49.875,0.98539137840271,-0.13537849485874176,2.9127933979034424
60001,52.394737243652344,0.6231433749198914,-0.13337662816047668,2.7097651958465576
62001,56.85293960571289,0.5483921766281128,-0.15138369798660278,2.7880234718322754
64001,66.33333587646484,0.8592714667320251,-0.11261948198080063,2.8289613723754883
66001,69.75,0.7351574301719666,-0.13690198957920074,2.183286666870117
68001,66.55172729492188,1.1665966510772705,-0.15212814509868622,2.090913772583008
70001,83.78260803222656,1.030296802520752,-0.1295071393251419,1.5383867025375366
72001,66.20000457763672,0.4466490149497986,-0.1309472769498825,2.349398136138916
74001,76.68000030517578,0.53764408826828,-0.14238601922988892,2.2124900817871094
76001,94.75,0.5308251976966858,-0.10962270945310593,2.259990930557251
78001,76.30769348144531,0.8500598073005676,-0.14722998440265656,2.4604358673095703
80001,76.91999816894531,0.6947759389877319,-0.1718607246875763,1.9946794509887695
82001,89.90909576416016,0.7154172658920288,-0.13079307973384857,2.0130815505981445
84001,77.31999969482422,0.5656901597976685,-0.12848667800426483,2.4369966983795166
86001,88.2727279663086,0.7193681001663208,-0.12523619830608368,2.3096120357513428
88001,116.82353210449219,0.6603733897209167,-0.14549365639686584,2.1366515159606934
90001,114.17646789550781,1.1889121532440186,-0.1667003184556961,2.3528389930725098
92001,122.0625,0.8053233027458191,-0.11737707257270813,1.9850491285324097
94001,131.8000030517578,1.3515424728393555,-0.10667319595813751,1.9023040533065796
96001,115.0,1.137396216392517,-0.14896424114704132,1.683946132659912
98001,132.93333435058594,0.7585106492042542,-0.1495644897222519,1.6203211545944214
100001,139.85714721679688,0.8628239035606384,-0.11223284155130386,1.8824498653411865
102001,161.0,0.7424801588058472,-0.15084563195705414,1.6322605609893799
104001,157.0,0.9257717132568359,-0.16279274225234985,1.2299768924713135
106001,157.58334350585938,0.5430243611335754,-0.14683467149734497,2.0162014961242676
108001,193.8000030517578,0.5340788960456848,-0.16936425864696503,1.4804930686950684
110001,159.83334350585938,0.6806850433349609,-0.15923556685447693,0.9068551063537598
112001,172.63636779785156,0.35025206208229065,-0.09459332376718521,1.167106032371521
114001,178.3636474609375,0.7272744178771973,-0.12826450169086456,0.8647307753562927
116001,129.53334045410156,0.37008681893348694,-0.12917804718017578,1.7530832290649414
118001,173.18182373046875,0.7025974988937378,-0.16070395708084106,1.0733402967453003
120001,166.4545440673828,0.5497204661369324,-0.16310077905654907,1.3975168466567993
122001,177.72727966308594,0.5482503175735474,-0.14369043707847595,0.8644758462905884
124001,197.60000610351562,0.748619794845581,-0.17803089320659637,0.7278731465339661
126001,156.08334350585938,0.650166392326355,-0.14261487126350403,1.0443696975708008
128001,201.7777862548828,0.28952109813690186,-0.1316482126712799,1.9590017795562744
130001,195.3000030517578,0.7774301767349243,-0.1292395442724228,0.6011951565742493
132001,219.22222900390625,0.47180938720703125,-0.09390413016080856,0.8402996063232422
134001,216.875,0.4119984209537506,-0.14263617992401123,0.6365423798561096
136001,217.55555725097656,0.9438912272453308,-0.11572198569774628,0.676276683807373
138001,218.0,0.5860678553581238,-0.1268559843301773,0.5710647702217102
140001,264.2857360839844,0.38320115208625793,-0.11936803162097931,0.8404520750045776
142001,296.8333435058594,0.6260085701942444,-0.11236994713544846,0.42355775833129883
144001,211.55555725097656,0.4759301543235779,-0.10575641691684723,0.7529338598251343
146001,224.5,0.5866362452507019,-0.08785414695739746,0.48679983615875244
148001,303.5,0.7060102820396423,-0.11685176193714142,0.39917248487472534
150001,283.4285888671875,1.0941516160964966,-0.10750143975019455,0.4606182277202606
152001,303.66668701171875,0.44872939586639404,-0.08892539888620377,0.7693181037902832
154001,276.14288330078125,0.30451446771621704,-0.09776467084884644,1.2037019729614258
156001,259.66668701171875,0.4333346486091614,-0.13350781798362732,0.4576396048069
158001,291.5,0.3894169330596924,-0.1177266463637352,0.3134990930557251
160001,273.4285888671875,0.21715223789215088,-0.08177729696035385,1.1462512016296387
162001,284.16668701171875,1.0144294500350952,-0.11013893783092499,0.3234612047672272
164001,289.66668701171875,0.23419605195522308,-0.06472877413034439,0.46808961033821106
166001,338.3999938964844,0.3893511891365051,-0.09930822998285294,0.6339519023895264
168001,308.3333435058594,0.8039980530738831,-0.11544974148273468,1.0402358770370483
170001,330.66668701171875,0.34807127714157104,-0.07705437391996384,0.9095183610916138
172001,301.16668701171875,0.8274790048599243,-0.12004383653402328,1.0689104795455933
174001,355.20001220703125,0.2884927988052368,-0.07384034991264343,0.8549284934997559
176001,311.3333435058594,0.7288642525672913,-0.10767132043838501,1.4163570404052734
178001,396.25,0.8180319666862488,-0.1288348287343979,0.719423234462738
180001,449.5,0.2075410783290863,-0.04231654480099678,2.7062106132507324
182001,421.25,0.530209481716156,-0.09137488901615143,1.2210285663604736
184001,390.3999938964844,0.42580777406692505,-0.07268913835287094,1.5384010076522827
186001,500.0,0.2911617159843445,-0.03562255948781967,4.113218784332275
188001,433.0,0.4536418616771698,-0.07866979390382767,2.3033361434936523
190001,465.5,0.2410288006067276,-0.04533129185438156,1.9356803894042969
192001,422.75,0.23255027830600739,-0.03798256069421768,4.94906759262085
194001,493.0,0.9562272429466248,-0.025615576654672623,3.8462250232696533
196001,394.0,0.39533284306526184,-0.05528855696320534,1.8169575929641724
198001,479.5,0.43806931376457214,-0.03132636100053787,1.0206639766693115
200001,423.25,0.5019880533218384,-0.05598679557442665,1.8435947895050049
202001,425.25,0.23123863339424133,-0.020521389320492744,3.070230722427368
204001,442.5,0.35814061760902405,-0.033155594021081924,2.2242839336395264
206001,495.5,0.1763918250799179,-0.036548443138599396,3.7640626430511475
208001,500.0,0.10180854052305222,-0.03738353028893471,6.05477237701416
210001,432.5,0.09623744338750839,0.001402548630721867,5.680717945098877
212001,500.0,0.5595812797546387,-0.039440639317035675,3.430197238922119
214001,482.25,0.10168953984975815,-0.018524834886193275,6.290731906890869
216001,463.0,0.270256370306015,-0.00403438089415431,5.10451078414917
218001,500.0,0.17164291441440582,-0.038730379194021225,5.968512535095215
220001,467.75,0.3126397132873535,-0.037820003926754,5.7621026039123535
222001,500.0,0.11557122319936752,-0.02845798432826996,7.564459800720215
224001,423.25,0.2872554063796997,-0.05894199758768082,4.493131160736084
226001,494.5,0.2517044246196747,-0.05751368775963783,4.917078018188477
228001,453.25,0.14067810773849487,-0.017613541334867477,6.3927154541015625
230001,389.0,0.13228905200958252,-0.03346988931298256,5.535895824432373
232001,500.0,0.1397053599357605,-0.032074179500341415,6.272943019866943
234001,493.5,0.23078566789627075,-0.041146572679281235,5.3193159103393555
236001,486.25,0.0641588494181633,-0.020706217736005783,5.1429057121276855
238001,388.75,0.2806883454322815,-0.04484229534864426,4.935484409332275
240001,500.0,0.23126208782196045,-0.013050023466348648,6.909995079040527
242001,465.0,0.24253115057945251,-0.041335124522447586,4.460336208343506
244001,497.0,0.4290679097175598,-0.04536212980747223,5.193406105041504
246001,470.25,0.12056868523359299,-0.04871409386396408,5.8646440505981445
248001,441.75,0.1444290429353714,-0.023290937766432762,4.923615455627441
250001,500.0,0.23983153700828552,-0.019753627479076385,6.916342258453369
252001,500.0,0.08546034246683121,-0.01148710772395134,6.916718482971191
254001,432.0,0.19427329301834106,-0.016846373677253723,4.2676873207092285
256001,500.0,0.1925860196352005,-0.0016688783653080463,7.673267841339111
258001,500.0,0.05424047261476517,-0.0019008785020560026,8.436198234558105
260001,460.0,0.2736336290836334,-0.005993081722408533,4.7385783195495605
262001,500.0,0.4180613160133362,-0.04303766041994095,6.246203422546387
264001,500.0,0.13913623988628387,-0.005142130423337221,9.006214141845703
266001,500.0,0.10140135884284973,-0.001342416857369244,8.128326416015625
268001,500.0,0.13116872310638428,-0.0028504992369562387,9.553553581237793
270001,500.0,0.2685723304748535,-0.031962502747774124,8.602201461791992
272001,500.0,0.22541087865829468,-0.012337877415120602,8.537514686584473
274001,500.0,0.15694840252399445,-0.01794436015188694,9.12867546081543
276001,500.0,0.05346931889653206,-0.00044717075070366263,9.03773021697998
278001,500.0,0.09115166962146759,-0.00777268735691905,9.509662628173828
280001,500.0,0.15236423909664154,-0.0037175791803747416,9.142943382263184
282001,500.0,0.08948229253292084,-0.01722417213022709,9.451769828796387
284001,500.0,0.040080104023218155,0.008436087518930435,9.863250732421875
286001,500.0,0.29131853580474854,-0.05207270383834839,8.194863319396973
288001,500.0,0.10577786713838577,-0.009868290275335312,8.085038185119629
290001,500.0,0.12274082750082016,-0.028803912922739983,5.360623359680176
292001,500.0,0.12698757648468018,-0.0020947123412042856,7.740461349487305
294001,500.0,0.0681004747748375,-0.010567271150648594,8.147229194641113
296001,500.0,0.3056723475456238,-0.056743983179330826,6.972390651702881
298001,500.0,0.33779314160346985,-0.012641376815736294,5.876083850860596
300001,470.75,0.1725936084985733,-0.007041244301944971,4.466756343841553
302001,472.5,0.22706985473632812,-0.015408388338983059,5.647028923034668
304001,500.0,0.7476761341094971,-0.06229782477021217,2.196302890777588
306001,500.0,0.07738349586725235,-0.024326926097273827,7.327123165130615
308001,500.0,0.23122963309288025,-0.0023524996358901262,6.179886817932129
310001,500.0,0.2863139510154724,-0.03781765699386597,8.024043083190918
312001,500.0,0.14440572261810303,-0.010270471684634686,9.875809669494629
314001,500.0,0.09844205528497696,-0.03368726372718811,10.092070579528809
316001,500.0,0.05860770493745804,-0.02799542061984539,10.646638870239258
318001,500.0,0.10943447053432465,-0.01328497938811779,9.979620933532715
320001,500.0,0.03377867490053177,-7.626057049492374e-05,9.854170799255371
322001,500.0,0.023950451985001564,-0.014405915513634682,10.853816032409668
324001,478.25,0.4342542290687561,0.008972512558102608,7.695937633514404
326001,500.0,0.1465882509946823,-0.008307822048664093,10.08809757232666
328001,500.0,0.13598869740962982,-0.003909523133188486,11.315360069274902
330001,500.0,0.0534379705786705,-0.035108182579278946,10.913203239440918
332001,465.25,0.046496689319610596,-0.004148590378463268,7.347971439361572
334001,500.0,0.1606786996126175,-0.0020114360377192497,9.36020278930664
336001,500.0,0.1646258533000946,0.000832251098472625,11.095396995544434
338001,474.75,0.06779976934194565,-0.026471149176359177,9.366440773010254
340001,500.0,0.04028312489390373,-0.0006981053738854825,10.092620849609375
342001,444.0,0.08365097641944885,-0.005345245357602835,8.583165168762207
344001,471.5,0.20793184638023376,-0.03877408057451248,8.1339111328125
346001,500.0,0.054909732192754745,-0.004579094238579273,11.371735572814941
348001,434.75,0.2610531747341156,-0.0034025623463094234,9.525849342346191
350001,500.0,0.17141678929328918,-0.0385766364634037,10.606842041015625
352001,488.5,0.10693086683750153,-0.04932032898068428,9.165802955627441
354001,440.5,0.04648686945438385,-0.020007507875561714,9.622584342956543
356001,444.25,0.09608177095651627,-0.04778314009308815,9.400632858276367
358001,500.0,0.04987088218331337,-0.013407532125711441,11.444793701171875
360001,500.0,0.11023794114589691,-0.007094383705407381,11.581185340881348
362001,462.5,0.05121632292866707,-0.017306236550211906,8.33802318572998
364001,500.0,0.15091603994369507,-0.005503579042851925,12.578726768493652
366001,500.0,0.0321761816740036,0.005041044671088457,12.299903869628906
368001,500.0,0.10047664493322372,-0.007084672339260578,10.300301551818848
370001,500.0,0.2024541199207306,-0.022355817258358,12.399809837341309
372001,500.0,0.09693054854869843,-0.006325809750705957,12.051423072814941
374001,500.0,0.05864518880844116,-0.0021859274711459875,11.866347312927246
376001,500.0,0.07620874047279358,-0.01101986039429903,10.386762619018555
378001,500.0,0.08521903306245804,0.0014611297519877553,11.799880981445312
380001,500.0,0.02981145866215229,0.008893533609807491,12.395867347717285
382001,500.0,0.002281840890645981,-0.0125556830316782,11.619330406188965
384001,500.0,0.05888894200325012,-0.0008221345487982035,11.594531059265137
386001,500.0,0.009740879759192467,0.003957462031394243,12.258979797363281
388001,500.0,0.09770118445158005,-0.030380114912986755,10.739367485046387
390001,500.0,0.21996544301509857,0.003140824381262064,11.221470832824707
392001,500.0,0.07337403297424316,-0.007693595252931118,11.78860855102539
394001,500.0,0.3014644682407379,-0.011981964111328125,11.538853645324707
396001,500.0,0.08930821716785431,0.00300567876547575,12.529585838317871
398001,438.5,0.16224822402000427,0.0031928783282637596,10.804224967956543
400001,500.0,0.11963304132223129,-0.009026219137012959,10.749134063720703
402001,500.0,0.1447928100824356,0.006320682819932699,13.207579612731934
404001,500.0,0.05314646661281586,-0.0017284618224948645,10.913071632385254
406001,500.0,0.058151159435510635,-0.011182744055986404,12.194613456726074
408001,500.0,0.1479717344045639,-0.0479695126414299,12.834425926208496
410001,500.0,0.09083577245473862,-0.04516687989234924,11.936432838439941
412001,500.0,0.032411739230155945,-0.023772506043314934,12.223548889160156
414001,500.0,0.05466017499566078,0.004504375625401735,12.9071683883667
416001,500.0,0.07832018285989761,-0.013049074448645115,13.120841979980469
418001,500.0,0.08026494830846786,0.011901897378265858,13.515151023864746
420001,500.0,0.11040933430194855,-0.036053724586963654,11.547371864318848
422001,500.0,0.11376067250967026,-0.009482048451900482,10.053404808044434
424001,500.0,0.09383316338062286,-0.023712335154414177,11.341175079345703
426001,500.0,0.06452697515487671,-0.03658074140548706,11.270209312438965
428001,500.0,0.23482166230678558,-0.02188597060739994,13.165843963623047
430001,500.0,0.19381366670131683,-0.004200386814773083,12.930272102355957
432001,500.0,0.08170623332262039,0.004231086000800133,10.444769859313965
434001,500.0,0.02200993150472641,0.00839427299797535,11.510286331176758
436001,500.0,0.05510121211409569,-0.016979822888970375,10.27962875366211
438001,500.0,0.13510142266750336,-0.0032079555094242096,12.587716102600098
440001,500.0,0.11161959171295166,-0.011468630284070969,8.74516773223877
442001,500.0,0.052518244832754135,0.008796857669949532,11.612616539001465
444001,500.0,0.0485144667327404,-0.019333917647600174,12.962443351745605
446001,500.0,0.21844527125358582,-0.010058152489364147,8.421785354614258
448001,500.0,0.06350651383399963,-0.010678097605705261,7.629886627197266
450001,500.0,0.002329339040443301,-0.00645191827788949,11.713066101074219
452001,500.0,0.12204963713884354,-6.166410457808524e-05,8.689053535461426
454001,500.0,0.24614064395427704,-0.004817053209990263,10.679364204406738
456001,500.0,0.22502054274082184,-0.0074952454306185246,9.796372413635254
458001,500.0,0.10092797130346298,-0.009449629113078117,9.618892669677734
460001,500.0,0.05695729702711105,0.0016605773707851768,12.363167762756348
462001,500.0,0.050042856484651566,-0.012741928920149803,12.475833892822266
464001,500.0,0.03356008604168892,0.004242833703756332,11.840676307678223
466001,500.0,0.04805685207247734,-0.03947100415825844,8.995409965515137
468001,500.0,0.01216814573854208,0.00512424111366272,12.364012718200684
470001,500.0,0.06973278522491455,-0.02198159694671631,13.718171119689941
472001,500.0,0.08351799845695496,0.0014219380682334304,13.06907844543457
474001,500.0,0.09873983263969421,-0.005402985028922558,12.253316879272461
476001,500.0,0.09540881961584091,0.008303218521177769,11.585111618041992
478001,500.0,0.09617256373167038,-0.0038810784462839365,12.681540489196777
480001,500.0,0.058895207941532135,-0.05372091755270958,14.46234130859375
482001,500.0,0.07856817543506622,-0.016753414645791054,14.285265922546387
484001,500.0,0.18294396996498108,-0.02078980579972267,14.141824722290039
486001,500.0,0.08936551213264465,-0.017658261582255363,13.883216857910156
488001,500.0,0.007048055995255709,0.0002716734597925097,12.351957321166992
490001,500.0,0.1695685237646103,-0.0015680375508964062,12.975439071655273
492001,500.0,0.03605091944336891,-0.005895803216844797,13.417109489440918
494001,500.0,0.06387562304735184,-0.02749570645391941,13.845612525939941
496001,500.0,0.05177807807922363,-0.01345951110124588,13.618094444274902
498001,500.0,0.03094402886927128,-0.01512193400412798,13.760272026062012
500001,500.0,0.1829690784215927,-0.035163551568984985,11.757641792297363
502001,500.0,0.188384011387825,-0.03326653316617012,11.567695617675781
504001,500.0,0.16013406217098236,-0.0036797968205064535,13.85305118560791
506001,500.0,0.013434050604701042,0.005930038634687662,13.871294975280762
508001,500.0,0.0802367627620697,0.004719854332506657,13.796757698059082
510001,500.0,0.03234617039561272,-0.017808565869927406,13.575533866882324
512001,500.0,0.0023309136740863323,0.00953493919223547,11.107404708862305
514001,500.0,0.09111364930868149,-0.0053526367992162704,10.262693405151367
516001,500.0,0.09868976473808289,0.002054418670013547,10.7444486618042
518001,500.0,0.13335303962230682,0.0025217414367944,10.245467185974121
520001,500.0,0.18646912276744843,0.008302965201437473,9.90434741973877
522001,500.0,0.04953625053167343,-0.005809418857097626,7.559025287628174
524001,500.0,0.058686308562755585,-0.0019286233000457287,9.373798370361328
526001,500.0,0.02930724434554577,0.005871859844774008,10.040790557861328
528001,500.0,0.11993230879306793,-0.012270874343812466,10.070211410522461
530001,500.0,0.09981073439121246,-0.018492618575692177,6.0240960121154785
532001,500.0,0.10019207745790482,-0.014349325560033321,8.633441925048828
534001,500.0,0.04935933277010918,0.003757357131689787,12.47828483581543
536001,500.0,0.19996924698352814,-0.024963093921542168,9.330313682556152
538001,500.0,0.07711818814277649,-0.006015491671860218,9.319506645202637
540001,500.0,0.0779443010687828,0.00794212706387043,5.566453456878662
542001,500.0,0.31745645403862,-0.0219081062823534,5.7997870445251465
544001,500.0,0.13393521308898926,-0.003734984202310443,3.6574974060058594
546001,500.0,0.26473838090896606,-0.010444599203765392,3.778430700302124
548001,500.0,0.10813551396131516,0.005453200079500675,7.005631446838379
550001,500.0,0.19272233545780182,-0.020255612209439278,7.615751266479492
552001,500.0,0.12575934827327728,0.005696025211364031,7.277824878692627
554001,500.0,0.21272613108158112,-0.01763441227376461,3.473295211791992
556001,500.0,0.2367831915616989,-0.047760121524333954,11.83121109008789
558001,500.0,0.1439526081085205,0.0013128345599398017,9.91140365600586
560001,500.0,0.1138908863067627,-0.002603162545710802,11.27029037475586
562001,500.0,0.0962982177734375,-0.02957807295024395,12.691824913024902
564001,500.0,0.06830897182226181,-0.010776117444038391,11.32473373413086
566001,500.0,0.06889402866363525,0.006880471017211676,13.318655967712402
568001,500.0,0.014837697148323059,0.008951012045145035,14.910036087036133
570001,500.0,0.039973847568035126,0.008044968359172344,13.835797309875488
572001,500.0,0.00641546631231904,0.011915388517081738,14.703351020812988
574001,500.0,0.11102498322725296,0.00945623405277729,14.431640625
576001,500.0,0.08153735101222992,-0.003568498883396387,14.743754386901855
578001,500.0,0.055528052151203156,-0.0028111597057431936,13.296616554260254
580001,500.0,0.117482028901577,-0.033479880541563034,12.607365608215332
582001,500.0,0.057341791689395905,0.006507833953946829,14.480679512023926
584001,500.0,0.042736560106277466,-0.026701143011450768,12.100043296813965
586001,500.0,0.1584433764219284,-0.02081153355538845,9.847760200500488
588001,500.0,0.2095038741827011,0.0002392368478467688,10.130939483642578
590001,500.0,0.10990812629461288,-0.01786188594996929,11.048872947692871
592001,500.0,0.02695654332637787,0.012753289192914963,12.009150505065918
594001,500.0,0.048746343702077866,0.007526046130806208,13.106287956237793
596001,500.0,0.09510932862758636,-0.005293834954500198,10.798088073730469
598001,500.0,0.19181855022907257,-0.014378705061972141,9.48105239868164
600001,500.0,0.22860871255397797,-0.027667120099067688,12.202231407165527
602001,500.0,0.012725613079965115,0.0030085451435297728,14.535530090332031
604001,500.0,0.15441498160362244,0.00734176579862833,13.539209365844727
606001,500.0,0.08230288326740265,0.004315168131142855,11.616363525390625
608001,500.0,0.11382324248552322,-0.012042698450386524,16.17007827758789
610001,500.0,0.11204130947589874,0.0036577812861651182,14.790764808654785
612001,500.0,0.17130109667778015,-0.005480690393596888,15.758904457092285
614001,500.0,0.04058273881673813,0.011238488368690014,14.95293140411377
616001,500.0,0.024176767095923424,0.006282229442149401,14.957002639770508
618001,500.0,0.11563308537006378,0.01104525662958622,15.374594688415527
620001,500.0,0.10557439178228378,0.006085445638746023,16.674179077148438
622001,500.0,0.07147982716560364,-0.0066766561940312386,15.96428394317627
624001,500.0,0.022869758307933807,0.0003620934730861336,16.3897762298584
626001,500.0,0.060067068785429,-0.025808803737163544,17.102537155151367
628001,500.0,0.08712310343980789,0.0049513461999595165,17.193540573120117
630001,500.0,0.0032996253576129675,0.0026169996708631516,16.655426025390625
632001,500.0,0.06882080435752869,0.0022870544344186783,14.548432350158691
634001,500.0,0.1441056728363037,-0.0002276282466482371,16.17068099975586
636001,500.0,0.11157397925853729,-0.017130734398961067,14.129542350769043
638001,500.0,0.036439839750528336,0.006976522970944643,16.38555145263672
640001,500.0,0.07344955950975418,-0.0032137171365320683,15.622143745422363
642001,500.0,0.024416163563728333,0.00493656937032938,16.3477783203125
644001,500.0,0.1618901640176773,-0.0005823503015562892,15.51699161529541
646001,500.0,0.09675927460193634,-0.009267844259738922,15.17869758605957
648001,500.0,0.09091268479824066,0.006716827861964703,15.094663619995117
650001,500.0,0.05082948878407478,0.0034221208188682795,16.036649703979492
652001,500.0,0.040045399218797684,0.007616857998073101,15.497099876403809
654001,500.0,0.03480835258960724,0.00012246811820659786,15.215906143188477
656001,500.0,0.04176724702119827,0.011855979450047016,14.836255073547363
658001,500.0,0.15018843114376068,-0.0178341306746006,14.577095031738281
660001,500.0,0.0058991387486457825,0.0050944737158715725,16.38308334350586
662001,500.0,0.09532275795936584,-0.010718481615185738,15.589628219604492
664001,500.0,0.020441101863980293,-0.03058401681482792,16.316560745239258
666001,500.0,0.05543779581785202,0.0022811242379248142,16.005603790283203
668001,500.0,0.038111813366413116,-0.02540097013115883,15.197539329528809
670001,500.0,0.08574531227350235,-0.006394980940967798,16.20170783996582
672001,500.0,0.10907705873250961,0.007928880862891674,15.785510063171387
674001,500.0,0.07110276073217392,-0.015361645258963108,14.888835906982422
676001,500.0,0.13717029988765717,-0.004707432817667723,15.52754020690918
678001,500.0,0.03105076588690281,-0.020024627447128296,17.065149307250977
680001,500.0,0.4663415849208832,-0.003969854675233364,15.262918472290039
682001,500.0,0.013261914253234863,-0.028666391968727112,15.377830505371094
684001,500.0,0.12833569943904877,-0.05008793994784355,12.659201622009277
686001,500.0,0.0030969560611993074,-0.023719530552625656,14.936551094055176
688001,500.0,0.34153398871421814,-0.02746845781803131,15.314515113830566
690001,500.0,0.16033853590488434,-0.012260549701750278,14.62647819519043
692001,500.0,0.19030551612377167,-0.014805939048528671,16.432086944580078
694001,500.0,0.060969576239585876,-0.007153124548494816,14.41596794128418
696001,500.0,0.11027418822050095,-0.005821125116199255,14.177773475646973
698001,500.0,0.048489760607481,-0.014284718781709671,14.970132827758789
700001,500.0,0.16648241877555847,-0.026065481826663017,14.979074478149414
702001,500.0,0.20507675409317017,-0.02044641599059105,15.72198486328125
704001,500.0,0.045179158449172974,-0.02002238668501377,15.309208869934082
706001,500.0,0.019276954233646393,-0.028780082240700722,15.171656608581543
708001,500.0,0.001070947153493762,0.0018815308576449752,14.943646430969238
710001,500.0,0.22180314362049103,-0.025236431509256363,14.59351634979248
712001,500.0,0.03546947240829468,-0.02327338047325611,15.35467529296875
714001,500.0,0.08214867115020752,-0.04840013384819031,15.925261497497559
716001,500.0,0.041951823979616165,-0.013219160959124565,15.389786720275879
718001,500.0,0.05857771262526512,-0.012188463471829891,15.511961936950684
720001,500.0,0.05704386532306671,-0.00026863766834139824,16.136871337890625
722001,500.0,0.004233752842992544,-0.008638914674520493,16.376758575439453
724001,500.0,0.07078628987073898,0.003991727717220783,15.630453109741211
726001,500.0,0.13604862987995148,-0.017210708931088448,14.245970726013184
728001,500.0,0.03536484017968178,0.00710107758641243,14.705316543579102
730001,500.0,0.035279374569654465,-0.005190305877476931,15.858242988586426
732001,500.0,0.0610385462641716,-0.022576946765184402,15.409777641296387
734001,500.0,0.032523222267627716,-0.01575123704969883,15.354447364807129
736001,500.0,0.06752792000770569,-0.009733162820339203,13.811075210571289
738001,500.0,0.16169555485248566,-0.0012768660672008991,14.383966445922852
740001,500.0,0.09746323525905609,0.0021231858991086483,15.388449668884277
742001,500.0,0.09927580505609512,-0.03264030069112778,15.144754409790039
744001,500.0,0.14733782410621643,-0.022560492157936096,14.477424621582031
746001,500.0,0.027037547901272774,0.003967281896620989,15.84572982788086
748001,500.0,0.014833975583314896,-0.007608065847307444,16.00032615661621
750001,500.0,0.05368005111813545,-0.0014439020305871964,15.79534912109375
752001,500.0,0.17463624477386475,-0.026004044339060783,15.480522155761719
754001,500.0,0.04687746614217758,0.002468378748744726,13.143656730651855
756001,500.0,0.08167450875043869,-0.022998278960585594,14.26203441619873
758001,500.0,0.04991759732365608,0.004250604659318924,14.255338668823242
760001,500.0,0.04126105085015297,-0.012644093483686447,15.060772895812988
762001,500.0,0.012054620310664177,-0.010454881936311722,15.865601539611816
764001,500.0,0.25091537833213806,-0.025531720370054245,14.158551216125488
766001,500.0,0.1030043363571167,-0.00041389133548364043,15.997518539428711
768001,500.0,0.02891385927796364,0.0014501172117888927,14.617376327514648
770001,500.0,0.1440790444612503,-0.016452206298708916,15.046560287475586
772001,500.0,0.04963497817516327,-0.004452561028301716,15.353670120239258
774001,500.0,0.180818572640419,-0.009099164046347141,15.77029037475586
776001,500.0,0.014812806621193886,-0.050927288830280304,15.942062377929688
778001,500.0,0.2830285131931305,0.0036353447940200567,15.456491470336914
780001,500.0,0.073039710521698,-0.008122426457703114,15.683876037597656
782001,500.0,0.09148886799812317,-0.0009561963379383087,15.055826187133789
784001,500.0,0.08516895025968552,-0.022891182452440262,15.906534194946289
786001,500.0,0.033514492213726044,-0.018206648528575897,15.986794471740723
788001,500.0,0.06483348459005356,0.0008547730976715684,14.976709365844727
790001,500.0,0.0904928594827652,-0.0026827577967196703,15.625017166137695
792001,500.0,0.2332020252943039,-0.05760575830936432,15.832718849182129
794001,500.0,0.24849219620227814,-0.03441981226205826,15.82711124420166
796001,500.0,0.24152116477489471,-0.0017300568288192153,14.847641944885254
798001,500.0,0.04047340154647827,-0.00587480841204524,15.581286430358887
800001,500.0,0.07483072578907013,-0.016495248302817345,15.472704887390137
802001,500.0,0.03351818397641182,-0.012894745916128159,15.42434024810791
804001,500.0,0.17161861062049866,-0.0009173154248856008,15.4027681350708
806001,500.0,0.32748493552207947,-0.04272274672985077,14.790714263916016
808001,500.0,0.08372315019369125,-0.036700621247291565,14.972965240478516
810001,500.0,0.041204605251550674,-0.020130356773734093,13.985248565673828
812001,500.0,0.24689213931560516,-0.005489223171025515,15.845763206481934
814001,500.0,0.036496955901384354,-0.007949234917759895,15.252656936645508
816001,500.0,0.030585693195462227,0.002705065533518791,14.569863319396973
818001,500.0,0.040267910808324814,-0.006150538567453623,14.920121192932129
820001,500.0,0.10579711198806763,0.0021131120156496763,15.428475379943848
822001,500.0,0.032815806567668915,-0.010641060769557953,15.557755470275879
824001,500.0,0.013082240708172321,-0.0019981812220066786,15.910845756530762
826001,500.0,0.08021035045385361,-0.004387251101434231,14.60851001739502
828001,500.0,0.06127137318253517,0.00683201476931572,15.221970558166504
830001,500.0,0.2726471722126007,-0.007417056243866682,13.995193481445312
832001,500.0,0.18002057075500488,-0.022781817242503166,14.130472183227539
834001,500.0,0.14492756128311157,-0.017412642017006874,13.739545822143555
836001,500.0,0.1403360217809677,0.0027858091052621603,14.150039672851562
838001,500.0,0.032190095633268356,-0.015726743265986443,15.592620849609375
840001,500.0,0.02548612840473652,-0.022964728996157646,15.486900329589844
842001,500.0,0.031819891184568405,-0.027317188680171967,15.302936553955078
844001,500.0,0.25841274857521057,-0.0005185569752939045,15.41254997253418
846001,500.0,0.03905646875500679,-0.020114148035645485,15.645177841186523
848001,500.0,0.015246279537677765,-0.016288571059703827,15.255005836486816
850001,500.0,0.01923389546573162,-0.0021262855734676123,14.999590873718262
852001,500.0,0.04229319095611572,-0.007915616035461426,15.476395606994629
854001,500.0,0.06405001133680344,-0.04143792390823364,16.126306533813477
856001,500.0,0.04208497703075409,-0.004947722889482975,15.706883430480957
858001,500.0,0.08013898134231567,-0.02098308689892292,15.340853691101074
860001,500.0,0.035285141319036484,-0.03694205731153488,15.808026313781738
862001,500.0,0.06871107965707779,-0.008900790475308895,15.155734062194824
864001,500.0,0.18375961482524872,0.0005900507094338536,14.507340431213379
866001,500.0,0.12439562380313873,-0.02241222746670246,15.075130462646484
868001,500.0,0.07821303606033325,-0.02129255421459675,15.561650276184082
870001,500.0,0.15808549523353577,-0.00017982532153837383,14.255265235900879
872001,500.0,0.12283443659543991,-0.018732013180851936,12.278770446777344
874001,500.0,0.13532805442810059,0.0019210971659049392,14.51542854309082
876001,500.0,0.06561228632926941,-0.0008986282628029585,14.394098281860352
878001,500.0,0.030688511207699776,-0.016240818426012993,14.314375877380371
880001,500.0,0.02760947309434414,0.006580454297363758,13.173478126525879
882001,500.0,0.21231451630592346,-0.0037338631227612495,12.901920318603516
884001,500.0,0.07395117729902267,-0.0035724565386772156,13.972387313842773
886001,500.0,0.08680517226457596,0.007892202585935593,15.138440132141113
888001,500.0,0.02552720531821251,-0.007097940891981125,15.104778289794922
890001,500.0,0.08413438498973846,0.00420784018933773,15.043900489807129
892001,500.0,0.041160210967063904,0.0032171308994293213,15.254749298095703
894001,500.0,0.12708212435245514,-0.0012005766620859504,15.229314804077148
896001,500.0,0.10804630070924759,-0.003957618493586779,15.410223007202148
898001,500.0,0.018313976004719734,-0.0011529632611200213,15.488727569580078
900001,500.0,0.0803755670785904,-0.002958818571642041,15.017837524414062
902001,500.0,0.04475533589720726,-0.013809926807880402,14.83663272857666
904001,500.0,0.07637405395507812,0.00396712776273489,15.297065734863281
906001,500.0,0.1694888025522232,-0.02349730394780636,15.847477912902832
908001,500.0,0.03245871141552925,-0.00812044832855463,16.210155487060547
910001,500.0,0.019712461158633232,0.006690470036119223,15.076565742492676
912001,500.0,0.03989821672439575,0.011364281177520752,14.548288345336914
914001,500.0,0.015197833999991417,-0.013172978535294533,16.170143127441406
916001,500.0,0.0655566081404686,-0.008522642776370049,13.583155632019043
918001,500.0,0.222284197807312,-0.022704539820551872,15.329071998596191
920001,500.0,0.32947954535484314,-0.054951462894678116,15.615438461303711
922001,500.0,0.028448686003684998,-0.012504794634878635,15.204647064208984
924001,500.0,0.038705118000507355,0.00720661086961627,15.512956619262695
926001,500.0,0.12477250397205353,-0.04297904297709465,15.883378982543945
928001,500.0,0.00784969050437212,-0.005308957304805517,15.7347993850708
930001,500.0,0.07798505574464798,-0.010110140778124332,15.138256072998047
932001,500.0,0.05145980417728424,0.013443374074995518,14.76305103302002
934001,500.0,0.15523633360862732,-0.0040765441954135895,15.391326904296875
936001,500.0,0.17216408252716064,-0.030459487810730934,15.334939956665039
938001,500.0,0.2047451138496399,-0.023727981373667717,14.969938278198242
940001,500.0,0.15214185416698456,-0.023043449968099594,13.867695808410645
942001,500.0,0.27164340019226074,0.009164726361632347,13.975252151489258
944001,500.0,0.03178854659199715,-0.025609957054257393,15.847744941711426
946001,500.0,0.10076045244932175,-0.004922974854707718,15.81685733795166
948001,500.0,0.23935969173908234,-0.028548886999487877,13.764544486999512
950001,500.0,0.06494925171136856,-0.011493836529552937,14.040117263793945
952001,500.0,0.005038521718233824,-0.040906716138124466,13.776388168334961
954001,500.0,0.024387899786233902,-0.021507268771529198,12.642538070678711
956001,500.0,0.09976959228515625,0.0006456852424889803,13.400723457336426
958001,500.0,0.039108406752347946,1.7103195204981603e-05,15.088863372802734
960001,500.0,0.1179511696100235,-0.0187910795211792,13.936763763427734
962001,500.0,0.11870235949754715,0.01088042464107275,12.643499374389648
964001,500.0,0.11735731363296509,-0.011194577440619469,15.332971572875977
966001,500.0,0.17139509320259094,-0.021497676149010658,12.36641788482666
968001,500.0,0.09761995077133179,-0.00559425400570035,14.004197120666504
970001,500.0,0.18782725930213928,-0.04623124375939369,15.051443099975586
972001,500.0,0.06105078011751175,-0.02466663531959057,13.501548767089844
974001,500.0,0.020657213404774666,-0.012240955606102943,13.177648544311523
976001,500.0,0.10564064234495163,-0.014142876490950584,15.154167175292969
978001,500.0,0.08039692044258118,-0.0038663556333631277,15.29542350769043
980001,500.0,0.12755084037780762,-0.01099894568324089,15.53037166595459
982001,500.0,0.04538518562912941,0.003979898523539305,16.5095157623291
984001,500.0,0.11209696531295776,0.0005051103071309626,13.999932289123535
986001,500.0,0.18139736354351044,-0.03232988715171814,13.668984413146973
988001,500.0,0.1576915830373764,-0.013548401184380054,13.390474319458008
990001,500.0,0.115236796438694,-0.01130059827119112,14.346393585205078
992001,500.0,0.21757523715496063,-0.013432467356324196,15.78577709197998
994001,500.0,0.10397811979055405,-0.015322625637054443,14.521632194519043
996001,500.0,0.0827937051653862,0.003344343276694417,15.625814437866211
998001,500.0,0.01982480101287365,0.0009180765482597053,14.796659469604492
