step,reward,grad_theta_J_norms,hypergradient_norms,final_product_norms,critic_loss
1,-0.6576576828956604,0.038501542061567307,0.18745188415050507,0.14895032346248627,0.07797045260667801
1001,-0.477477490901947,0.03803789243102074,0.023715805262327194,0.014322089031338692,0.07632646709680557
2001,-0.7837837934494019,0.05542328581213951,0.1814863234758377,0.23690959811210632,0.03923240676522255
3001,-0.6216216087341309,0.04657973721623421,0.016129817813634872,0.030449921265244484,0.05842750892043114
4001,-0.45945948362350464,0.05479799211025238,0.06792684644460678,0.013128859922289848,0.07081887871026993
5001,-0.639639675617218,0.054215479642152786,0.08375919610261917,0.029543716460466385,0.05027274414896965
6001,-0.5675675868988037,0.03349127992987633,0.1403474658727646,0.10685618221759796,0.05393216758966446
7001,-0.45945948362350464,0.042327672243118286,0.04574842378497124,0.003420748980715871,0.07122252136468887
8001,-0.6936936974525452,0.035871606320142746,0.024933628737926483,0.010937977582216263,0.04705073684453964
9001,-0.6756756901741028,0.03747868537902832,0.027622876688838005,0.009855806827545166,0.06134636327624321
10001,-0.6036036014556885,0.09030954539775848,0.11805643141269684,0.027746886014938354,0.06604611128568649
11001,-0.6936936974525452,0.03783747926354408,0.042006202042102814,0.004168722312897444,0.04957196116447449
12001,-0.6576576828956604,0.06459812074899673,0.0729307234287262,0.00833260640501976,0.0560268759727478
13001,-0.639639675617218,0.06837437301874161,0.07525423914194107,0.006879872642457485,0.0543207973241806
14001,-0.639639675617218,0.04667114093899727,0.048100635409355164,0.001429495052434504,0.059206053614616394
15001,-0.639639675617218,0.07748861610889435,0.07923843711614609,0.0017498164670541883,0.05509783700108528
16001,-0.5495495796203613,0.04295146465301514,0.049719322472810745,0.006767860148102045,0.06322634965181351
17001,-0.5855855941772461,0.04039536416530609,0.036365117877721786,0.004030250012874603,0.07016308605670929
18001,-0.44144144654273987,0.04990424960851669,0.02916174754500389,0.020742500200867653,0.06498024612665176
19001,-0.5495495796203613,0.05638410523533821,0.06363929063081741,0.0072551933117210865,0.07280752807855606
20001,-0.6036036014556885,0.04305930435657501,0.03616105765104294,0.006898245308548212,0.06414736062288284
21001,-0.5675675868988037,0.06078140810132027,0.055154554545879364,0.00562685402110219,0.07257609814405441
22001,-0.5495495796203613,0.04216485098004341,0.575140118598938,0.6173049807548523,0.07074707001447678
23001,-0.639639675617218,0.07153000682592392,0.06643640995025635,0.0050935945473611355,0.06639472395181656
24001,-0.6036036014556885,0.06934294104576111,0.07914169132709503,0.009798748418688774,0.06693200767040253
25001,-0.7297297716140747,0.04462914541363716,0.041388265788555145,0.0032408798579126596,0.05038769915699959
26001,-0.6036036014556885,0.0918058529496193,0.08294057101011276,0.008865282870829105,0.05321453511714935
27001,-0.6936936974525452,0.07929637283086777,0.08031560480594635,0.0010192308109253645,0.05179781839251518
28001,-0.5135135054588318,0.0736435279250145,0.0681697279214859,0.005473792087286711,0.07572279870510101
29001,-0.5135135054588318,0.06326660513877869,0.05566560849547386,0.007601000368595123,0.07165036350488663
30001,-0.5855855941772461,0.04605782404541969,0.04832112789154053,0.0022633024491369724,0.05923295021057129
31001,-0.531531572341919,0.08004853874444962,0.07481787353754044,0.005230654031038284,0.07021697610616684
32001,-0.6216216087341309,0.05696326494216919,0.05899440124630928,0.0020311386324465275,0.053114213049411774
33001,-0.5855855941772461,0.052927661687135696,0.05983470007777214,0.006907038856297731,0.06492673605680466
34001,-0.531531572341919,0.05997909978032112,0.04530062898993492,0.014678474515676498,0.06902042031288147
35001,-0.5495495796203613,0.06802733242511749,0.07734368741512299,0.00931635219603777,0.06560368835926056
36001,-0.6756756901741028,0.04904570430517197,0.056936170905828476,0.007890467531979084,0.06283135712146759
37001,-0.477477490901947,0.06770530343055725,0.1281837821006775,0.19588907063007355,0.07185313105583191
38001,-0.477477490901947,0.07240062206983566,0.07188143581151962,0.0005191827658563852,0.077682264149189
39001,-0.6576576828956604,0.05648243799805641,0.06538785994052887,0.008905422873795033,0.07403647899627686
40001,-0.5495495796203613,0.04636650159955025,0.26369404792785645,0.2173275500535965,0.07104028016328812
41001,-0.6576576828956604,0.06360407918691635,0.0650862529873848,0.0014821718214079738,0.053080566227436066
42001,-0.477477490901947,0.10204029828310013,0.43506747484207153,0.3330271542072296,0.07069787383079529
43001,-0.6216216087341309,0.06926721334457397,0.07284078001976013,0.003573561320081353,0.05637190490961075
44001,-0.3333333432674408,0.09857360273599625,0.12021758407354355,0.021643981337547302,0.0796603113412857
45001,-0.477477490901947,0.1039128452539444,0.10529914498329163,0.0013862996129319072,0.0864095464348793
46001,-0.45945948362350464,0.08365562558174133,0.08614489436149597,0.002489265287294984,0.07933368533849716
47001,-0.639639675617218,0.06355167925357819,0.06991351395845413,0.006361834704875946,0.07070446759462357
48001,-0.5135135054588318,0.0711357370018959,0.0892137885093689,0.01807805523276329,0.06888069957494736
49001,-0.44144144654273987,0.08379969745874405,0.07765533775091171,0.006144356913864613,0.07338856905698776
50001,-0.6216216087341309,0.08542082458734512,0.09575390815734863,0.010333084501326084,0.06713308393955231
51001,-0.5495495796203613,0.09954889118671417,0.10209093987941742,0.0025420435704290867,0.07017137110233307
52001,-0.4954954981803894,0.09688146412372589,0.1606031060218811,0.06372163444757462,0.0822528526186943
53001,-0.477477490901947,0.06758526712656021,0.06399837881326675,0.003586879698559642,0.06909557431936264
54001,-0.6036036014556885,0.06866124272346497,0.07318192720413208,0.00452068168669939,0.05927257239818573
55001,-0.5495495796203613,0.08421202749013901,0.07831870764493942,0.005893319845199585,0.07444983720779419
56001,-0.639639675617218,0.10584072768688202,0.06369994580745697,0.04214077815413475,0.0663967952132225
57001,-0.531531572341919,0.0781899020075798,0.0816543847322464,0.0034644801635295153,0.07140147686004639
58001,-0.4234234392642975,0.07210201025009155,0.06992387026548386,0.0021781395189464092,0.06347940117120743
59001,-0.5495495796203613,0.11071325838565826,0.10595358908176422,0.004759665112942457,0.06718321889638901
60001,-0.477477490901947,0.07992135733366013,0.09886464476585388,0.01894328184425831,0.07777182012796402
61001,-0.5135135054588318,0.11419299989938736,0.10655168443918228,0.007641316391527653,0.07314404845237732
62001,-0.4234234392642975,0.10157421231269836,0.1116018295288086,0.010027613490819931,0.07883630692958832
63001,-0.4954954981803894,0.11521117389202118,0.13979974389076233,0.024588575586676598,0.07948966324329376
64001,-0.5135135054588318,0.09994831681251526,0.29941898584365845,0.199470654129982,0.0765259712934494
65001,-0.5135135054588318,0.13007716834545135,0.16140463948249817,0.031327471137046814,0.07849851995706558
66001,-0.4054054021835327,0.0950089544057846,0.10074296593666077,0.005734018050134182,0.07207775861024857
67001,-0.531531572341919,0.11147439479827881,0.11410374194383621,0.002629341557621956,0.07592572271823883
68001,-0.45945948362350464,0.15488982200622559,0.09415120631456375,0.060738611966371536,0.07299531251192093
69001,-0.29729729890823364,0.11204324662685394,0.11054446548223495,0.0014987853355705738,0.08660652488470078
70001,-0.477477490901947,0.11953871697187424,0.3663221597671509,0.24678342044353485,0.07071982324123383
71001,-0.5855855941772461,0.11964065581560135,0.04156274348497391,0.07807790488004684,0.06640740483999252
72001,-0.5135135054588318,0.1630678027868271,0.15933571755886078,0.0037321036215871572,0.07655975222587585
73001,-0.4054054021835327,0.15264955163002014,0.14791607856750488,0.004733480047434568,0.07141580432653427
74001,-0.36936938762664795,0.1452443152666092,0.13351206481456757,0.011732240207493305,0.07251143455505371
75001,-0.477477490901947,0.2328089475631714,0.2470715045928955,0.014262543059885502,0.06745609641075134
76001,-0.2612612545490265,0.1250447928905487,0.12335671484470367,0.0016880769981071353,0.08591246604919434
77001,-0.2612612545490265,0.15301501750946045,0.13332395255565643,0.01969107799232006,0.06464776396751404
78001,-0.11711712181568146,0.17652598023414612,0.15603312849998474,0.02049284428358078,0.08793245255947113
79001,-0.3153153359889984,0.13440492749214172,0.09385793656110764,0.04054699093103409,0.08689620345830917
80001,-0.171171173453331,0.15468113124370575,0.0710872933268547,0.08359383791685104,0.07798012346029282
81001,-0.2432432472705841,0.14548568427562714,0.04133792221546173,0.10414775460958481,0.06871232390403748
82001,-0.171171173453331,0.19128040969371796,0.16074565052986145,0.03053475357592106,0.09365846961736679
83001,-0.171171173453331,0.18345527350902557,0.21531148254871368,0.03185619041323662,0.08263695240020752
84001,-0.18918919563293457,0.16451427340507507,0.14606371521949768,0.01845056749880314,0.09317419677972794
85001,-0.2612612545490265,0.19491933286190033,0.2121218591928482,0.01720253936946392,0.08917879313230515
86001,-0.22522522509098053,0.1615905463695526,0.13503901660442352,0.02655152976512909,0.07066058367490768
87001,-0.44144144654273987,0.19794721901416779,0.21602940559387207,0.018082179129123688,0.09029395133256912
88001,-0.045045047998428345,0.1529630422592163,0.22722773253917694,0.07426469027996063,0.06731507182121277
89001,0.18918919563293457,0.19075565040111542,0.17049169540405273,0.020263953134417534,0.09946591407060623
90001,-0.11711712181568146,0.20953549444675446,0.18942174315452576,0.020113732665777206,0.10068339854478836
91001,0.009009009227156639,0.20768436789512634,0.2519606053829193,0.04427623376250267,0.07897605746984482
92001,0.06306306272745132,0.21725042164325714,0.21394744515419006,0.0033029646147042513,0.07821308076381683
93001,0.045045047998428345,0.20101197063922882,0.06522464007139206,0.13578732311725616,0.08446542173624039
94001,0.027027027681469917,0.2266535758972168,0.22035405039787292,0.006299522705376148,0.1089722290635109
95001,0.2612612545490265,0.2922694981098175,0.2671133577823639,0.025156157091259956,0.08884458988904953
96001,0.09909909963607788,0.3179807662963867,0.2726094424724579,0.04537133499979973,0.09807123243808746
97001,0.045045047998428345,0.2671363353729248,0.469260036945343,0.20212365686893463,0.07888467609882355
98001,0.045045047998428345,0.2506992220878601,0.14372797310352325,0.10697125643491745,0.09290182590484619
99001,0.2432432472705841,0.2550370991230011,0.4251552224159241,0.17011812329292297,0.07060631364583969
100001,0.3513513505458832,0.2811165750026703,0.2937043011188507,0.012587729841470718,0.08272862434387207
101001,0.45945948362350464,0.2814958989620209,0.2939457893371582,0.012449871748685837,0.06738097220659256
102001,0.06306306272745132,0.30139732360839844,0.36762645840644836,0.06622913479804993,0.08299765735864639
103001,0.3153153359889984,0.2529206871986389,0.17212937772274017,0.08079131692647934,0.0776079073548317
104001,0.2612612545490265,0.26911526918411255,0.30688217282295227,0.03776688128709793,0.05531783401966095
105001,0.38738739490509033,0.2740758955478668,0.4193892180919647,0.14531336724758148,0.07576608657836914
106001,0.3333333432674408,0.2721382975578308,0.30098819732666016,0.02884993702173233,0.07027168571949005
107001,0.4054054021835327,0.3121556341648102,0.3254367411136627,0.013281110674142838,0.08400823920965195
108001,0.4954954981803894,0.23357610404491425,0.20515672862529755,0.028419386595487595,0.05068596825003624
109001,0.639639675617218,0.3027476370334625,0.37105223536491394,0.06830459088087082,0.04926213249564171
110001,0.6576576828956604,0.23255515098571777,0.07253357023000717,0.1600216031074524,0.03574414551258087
111001,0.639639675617218,0.2961178421974182,0.019206471741199493,0.2769113779067993,0.0433814711868763
112001,0.5855855941772461,0.309286892414093,0.22814412415027618,0.08114279061555862,0.04709318280220032
113001,0.6756756901741028,0.2994166314601898,0.3763151168823242,0.0768984854221344,0.05221104621887207
114001,0.6756756901741028,0.3177200257778168,0.29162701964378357,0.026093007996678352,0.04978134110569954
115001,0.7837837934494019,0.28488174080848694,0.38315969705581665,0.0982779711484909,0.03987404704093933
116001,0.7297297716140747,0.2590983808040619,0.29831984639167786,0.03922147676348686,0.03608395531773567
117001,0.8198198676109314,0.3769126534461975,0.3364035487174988,0.040509115904569626,0.02993379905819893
118001,0.7477477788925171,0.4145810008049011,0.22879788279533386,0.18578311800956726,0.04255596548318863
119001,0.8558558821678162,0.23077957332134247,0.23910385370254517,0.008324270136654377,0.02465353161096573
120001,0.8558558821678162,0.3684878647327423,1.1998103857040405,1.5682982206344604,0.017852796241641045
121001,0.8378378748893738,0.31149452924728394,0.2608916461467743,0.05060288682579994,0.023770291358232498
122001,0.8378378748893738,0.31920161843299866,0.33936217427253723,0.02016056701540947,0.022037921473383904
123001,0.8198198676109314,0.5935832262039185,0.6212190389633179,0.027635840699076653,0.03420628607273102
124001,0.8558558821678162,0.336502343416214,0.3311831057071686,0.005319233518093824,0.029196377843618393
125001,0.8738738894462585,0.29890716075897217,0.3057681620121002,0.006860990542918444,0.023791642859578133
126001,0.8918918967247009,0.2745995819568634,0.25884509086608887,0.01575448364019394,0.01827779971063137
127001,0.9459459781646729,0.33324697613716125,0.35533180832862854,0.022084826603531837,0.009619263000786304
128001,0.8918918967247009,0.30412718653678894,0.3950955867767334,0.09096840023994446,0.016014419496059418
129001,0.9279279708862305,0.5245246291160583,0.5507537722587585,0.026229126378893852,0.013326527550816536
130001,0.9099099040031433,0.27269247174263,0.4320209324359894,0.15932844579219818,0.01613645814359188
131001,0.9459459781646729,0.36932072043418884,0.3920958638191223,0.022775137796998024,0.007707460317760706
132001,0.9279279708862305,0.42529943585395813,0.45208340883255005,0.026783950626850128,0.014858147129416466
133001,0.9279279708862305,0.3500520586967468,0.35790741443634033,0.007855343632400036,0.012952456250786781
134001,1.0,0.09569896012544632,0.09659715741872787,0.0008981908322311938,0.000382493861252442
135001,1.0,0.16137659549713135,0.19788439571857452,0.03650781139731407,0.0004751935775857419
136001,0.9639639854431152,0.34110110998153687,0.36571431159973145,0.024613196030259132,0.007300530094653368
137001,0.9819819927215576,0.4135105609893799,0.43291956186294556,0.019409015774726868,0.004024098627269268
138001,1.0,0.11352308839559555,0.11166097968816757,0.0018620997434481978,0.00012219099153298885
139001,0.9279279708862305,0.492382675409317,0.452063649892807,0.04031906649470329,0.007270192261785269
140001,0.9639639854431152,0.38977810740470886,0.3900851905345917,0.0003071042592637241,0.0056776064448058605
141001,0.9819819927215576,0.24532990157604218,0.2470083087682724,0.0016784102190285921,0.004234272055327892
142001,0.9639639854431152,0.3452487885951996,0.34439072012901306,0.0008580446592532098,0.005277273245155811
143001,0.9639639854431152,0.36220940947532654,0.3641572594642639,0.0019478249596431851,0.007330780383199453
144001,1.0,0.13248543441295624,0.13046923279762268,0.0020161953289061785,0.00018017324327956885
145001,1.0,0.11474118381738663,10.086735725402832,10.20147705078125,0.0003201026120223105
146001,1.0,0.19701707363128662,0.19492104649543762,0.002096042735502124,0.0007790825911797583
147001,0.9819819927215576,0.47726213932037354,0.4790845215320587,0.0018223903607577085,0.003670108038932085
148001,0.9819819927215576,0.4748517572879791,0.4814104437828064,0.006558665074408054,0.003458708990365267
149001,0.9639639854431152,0.3340407907962799,0.31395167112350464,0.020089127123355865,0.005354073364287615
150001,1.0,0.17043998837471008,0.16919276118278503,0.0012472416274249554,0.0002427197468932718
151001,0.9819819927215576,0.40226301550865173,0.3828655481338501,0.019397463649511337,0.000932758382987231
152001,0.9819819927215576,0.28635990619659424,0.28545305132865906,0.0009068619692698121,0.004370181355625391
153001,0.9819819927215576,0.4644030034542084,0.4569692313671112,0.007433796767145395,0.002414545277133584
154001,1.0,0.053301528096199036,0.05346299335360527,0.00016146531561389565,0.00029441656079143286
155001,1.0,0.40594547986984253,0.41488948464393616,0.008943985216319561,0.00033531562075950205
156001,0.9639639854431152,0.4216691553592682,0.08652985841035843,0.33513930439949036,0.006941715721040964
157001,1.0,0.31896546483039856,0.3053644597530365,0.013601029291749,0.0002857786603271961
158001,0.9639639854431152,0.45430147647857666,0.45744001865386963,0.0031385784968733788,0.007110967300832272
159001,1.0,0.15675000846385956,0.1379043608903885,0.01884564757347107,0.0001569914456922561
160001,0.9459459781646729,0.7331269383430481,0.7789305448532104,0.04580364376306534,0.005865959450602531
161001,0.9819819927215576,0.4569196105003357,0.37767493724823,0.07924468070268631,0.0034503573551774025
162001,0.9819819927215576,0.2826986312866211,0.2871342599391937,0.004435626789927483,0.004280798602849245
163001,1.0,0.33669283986091614,0.3486708104610443,0.011977994814515114,0.0002533535589464009
164001,0.9819819927215576,0.21813271939754486,0.22358009219169617,0.005447378847748041,0.000278365274425596
165001,1.0,0.04093926027417183,0.040113046765327454,0.0008262090268544853,8.71060838107951e-05
166001,1.0,0.03594570979475975,0.03587890416383743,6.680623482679948e-05,7.299825665540993e-05
167001,1.0,0.15101096034049988,0.1492169350385666,0.0017940219258889556,0.00011353075387887657
168001,1.0,0.11088445782661438,0.11003781855106354,0.0008466430590488017,0.00021313583420123905
169001,1.0,0.018268480896949768,0.01895659975707531,0.0006881188019178808,6.0122642025817186e-05
170001,1.0,0.3596580922603607,0.3587939441204071,0.0008641633321531117,0.0002361748047405854
171001,1.0,0.07374997437000275,0.07346349209547043,0.0002864921116270125,5.863260957994498e-05
172001,1.0,0.024871552363038063,0.02474774606525898,0.0001238074473803863,6.199158815434203e-05
173001,1.0,0.11273813992738724,0.11246832460165024,0.0002698239404708147,0.00011618273128988221
174001,1.0,0.03850283473730087,0.03861808776855469,0.00011525365698616952,5.5376800446538255e-05
175001,1.0,0.05184883624315262,0.05271076038479805,0.0008619221625849605,5.491909178090282e-05
176001,1.0,0.07602938264608383,0.07672621309757233,0.0006968383677303791,5.901772601646371e-05
177001,0.9819819927215576,0.332256555557251,0.32839739322662354,0.0038591749034821987,0.004006560426205397
178001,0.9639639854431152,0.34948432445526123,0.3498781621456146,0.00039383399416692555,0.007986794225871563
179001,0.9819819927215576,0.2483546882867813,0.24725696444511414,0.001097718719393015,0.003967753145843744
180001,0.9639639854431152,0.5537014603614807,0.5689476132392883,0.015246178023517132,0.00771178025752306
181001,1.0,0.048868268728256226,0.048598043620586395,0.00027022379799745977,0.00013190254685468972
182001,0.9819819927215576,0.25084006786346436,0.2414587289094925,0.009381326846778393,0.003905920311808586
183001,1.0,0.02750227227807045,0.028214160352945328,0.0007118892972357571,0.0001520114892628044
184001,0.9819819927215576,0.5399264097213745,0.6671616435050964,0.12723523378372192,0.004106040112674236
185001,1.0,0.01641910709440708,0.016286982223391533,0.0001321253803325817,0.00011534761870279908
186001,1.0,0.022828398272395134,0.02286679670214653,3.8398658944061026e-05,0.0001136369610321708
187001,0.9819819927215576,0.2581190764904022,0.25639739632606506,0.0017216920386999846,0.003976091276854277
188001,1.0,0.06115024909377098,0.06057389825582504,0.0005763532244600356,9.178941400023177e-05
189001,0.9819819927215576,0.40470999479293823,0.4002629816532135,0.004447003826498985,0.004011169541627169
190001,1.0,0.02982466295361519,0.02968103066086769,0.0001436323655070737,4.5305932871997356e-05
191001,1.0,0.020522940903902054,0.02061544917523861,9.25077692954801e-05,5.0159254897153005e-05
192001,1.0,0.0310991033911705,0.031222714111208916,0.00012360977416392416,6.965524516999722e-05
193001,1.0,0.09179209172725677,0.09230159223079681,0.0005095003289170563,6.740845128661022e-05
194001,1.0,0.08198197185993195,0.08226292580366135,0.00028095050947740674,7.930408173706383e-05
195001,1.0,0.10783734917640686,0.10732904076576233,0.0005083038122393191,6.799957191105932e-05
196001,1.0,0.051129892468452454,0.051148422062397,1.853009598562494e-05,6.393552757799625e-05
197001,1.0,0.04741212725639343,0.04727236181497574,0.00013976384070701897,4.4962474930798635e-05
198001,1.0,0.0293266624212265,0.029428889974951744,0.00010222954006167129,5.7239329180447385e-05
199001,0.9819819927215576,0.4026581645011902,0.38632136583328247,0.016336767002940178,0.0025354258250445127
200001,1.0,0.048966195434331894,0.049060359597206116,9.416435932507738e-05,0.0001228543696925044
201001,0.9819819927215576,0.4215713441371918,0.42260628938674927,0.0010349685326218605,0.0032844562083482742
202001,1.0,0.06167100369930267,0.061314649879932404,0.00035635591484606266,8.391480514546856e-05
203001,1.0,0.030268697068095207,0.030394408851861954,0.00012571288971230388,5.8164794609183446e-05
204001,1.0,0.044869132339954376,0.045409560203552246,0.0005404272815212607,5.2151026466162875e-05
205001,1.0,0.03468984737992287,0.034728556871414185,3.8711648812750354e-05,4.5631910325028e-05
206001,1.0,0.03584901615977287,0.0358300656080246,1.8952598111354746e-05,3.8124850107124075e-05
207001,1.0,0.034425750374794006,0.03448137268424034,5.561916623264551e-05,5.180513471714221e-05
208001,1.0,0.05711900442838669,0.05735155567526817,0.00023255526321008801,5.829176734550856e-05
209001,1.0,0.03886822611093521,0.038956932723522186,8.870736201060936e-05,5.9058802435174584e-05
210001,1.0,0.03549675643444061,0.03542906045913696,6.769435276510194e-05,4.5772732846671715e-05
211001,1.0,0.029176384210586548,0.029101720079779625,7.466290117008612e-05,7.043156801955774e-05
212001,0.9639639854431152,0.3871482312679291,0.39562058448791504,0.00847235694527626,0.007870630361139774
213001,1.0,0.03651782125234604,0.03516065701842308,0.0013571653980761766,9.035625407705083e-05
214001,1.0,0.024111103266477585,0.024274436756968498,0.00016333373787347227,7.776855636620894e-05
215001,1.0,0.04757380858063698,0.04787394404411316,0.0003001317963935435,7.307290070457384e-05
216001,0.9819819927215576,0.2771739661693573,0.2748996615409851,0.0022743195295333862,0.003959724213927984
217001,1.0,0.022993072867393494,0.02260132133960724,0.00039175341953523457,0.00011552264186320826
218001,1.0,0.025514541193842888,0.02564709447324276,0.00013255589874461293,9.31954855332151e-05
219001,1.0,0.011706068180501461,0.011784328147768974,7.826121873222291e-05,8.153760427376255e-05
220001,1.0,0.029233546927571297,0.02909940667450428,0.00013414229033514857,8.767731924308464e-05
221001,1.0,0.01483113318681717,0.014820924960076809,1.020876516122371e-05,7.313213427551091e-05
222001,1.0,0.024821115657687187,0.02468748949468136,0.00013362699246499687,8.452785550616682e-05
223001,1.0,0.06781470030546188,0.0677129402756691,0.00010176499927183613,6.282496906351298e-05
224001,1.0,0.2874751389026642,0.28557300567626953,0.001902131363749504,0.00014684951747767627
225001,1.0,0.03613936901092529,0.036815740168094635,0.0006763702840544283,6.245512486202642e-05
226001,1.0,0.03527377173304558,0.035538043826818466,0.0002642738400027156,3.918221409549005e-05
227001,1.0,0.020170098170638084,0.020280009135603905,0.00010990894952556118,5.9112313465448096e-05
228001,1.0,0.048643019050359726,0.04860897734761238,3.4042499464703724e-05,4.82963805552572e-05
229001,1.0,0.015288404189050198,0.01532759703695774,3.919334994861856e-05,5.98280385020189e-05
230001,1.0,0.02033993974328041,0.020379571244120598,3.963156268582679e-05,5.028687519370578e-05
231001,1.0,0.06689713150262833,0.06693346053361893,3.632415973697789e-05,5.226448774919845e-05
232001,1.0,0.024779800325632095,0.024731963872909546,4.78359215776436e-05,5.0617385568330064e-05
233001,0.9819819927215576,0.28990209102630615,0.2853676378726959,0.00453447038307786,0.004019462503492832
234001,1.0,0.03562711924314499,0.035356003791093826,0.0002711149863898754,6.265474075917155e-05
235001,1.0,0.021653562784194946,0.02174973115324974,9.616767783882096e-05,7.616321090608835e-05
236001,0.9819819927215576,0.28874650597572327,0.29319843649864197,0.00445194449275732,0.003984538838267326
237001,1.0,0.014045989140868187,0.013771099038422108,0.00027488995692692697,7.5513482443057e-05
238001,1.0,0.007065008860081434,0.007081084884703159,1.607658850844018e-05,6.260772352106869e-05
239001,1.0,0.011812119744718075,0.011879351921379566,6.723283149767667e-05,7.724541501374915e-05
240001,1.0,0.01874140463769436,0.018629666417837143,0.00011173717211931944,6.305307761067525e-05
241001,1.0,0.03124566189944744,0.031207075342535973,3.858672789647244e-05,6.154834409244359e-05
242001,1.0,0.07245820015668869,0.07248599827289581,2.7794845664175227e-05,4.0227852878160775e-05
243001,1.0,0.009395384229719639,0.009432612918317318,3.722968904185109e-05,5.17125881742686e-05
244001,1.0,0.009856103919446468,0.009869081899523735,1.297881499340292e-05,4.6928977099014446e-05
245001,1.0,0.033372920006513596,0.033394817262887955,2.1897991246078163e-05,6.99381998856552e-05
246001,1.0,0.044415898621082306,0.044423315674066544,7.416180778818671e-06,5.1737828471232206e-05
247001,1.0,0.011739426292479038,0.011765049770474434,2.5622151952120475e-05,5.1923412684118375e-05
248001,1.0,0.04012644290924072,0.040149789303541183,2.334612509002909e-05,5.348015110939741e-05
249001,1.0,0.03351334482431412,0.0335676409304142,5.4294469009619206e-05,5.752591459895484e-05
250001,1.0,0.016145670786499977,0.01615455187857151,8.882324436854105e-06,4.776454807142727e-05
251001,1.0,0.08813846111297607,0.0883302092552185,0.0001917455083457753,5.140080611454323e-05
252001,1.0,0.007664242293685675,0.007664196193218231,4.5839477991194144e-08,6.663433305220678e-05
253001,1.0,0.04284181818366051,0.04279860854148865,4.320565130910836e-05,5.397900167736225e-05
254001,1.0,0.07841233909130096,0.0778893232345581,0.0005230180104263127,4.486867328523658e-05
255001,1.0,0.017182104289531708,0.017172982916235924,9.121088623942342e-06,7.04134872648865e-05
256001,0.9819819927215576,0.5530173182487488,0.5489742755889893,0.0040430170483887196,0.003947029355913401
257001,1.0,0.01903868280351162,0.015419705770909786,0.0036189777310937643,7.58445166866295e-05
258001,0.9819819927215576,0.3196706473827362,0.31687554717063904,0.0027951186057180166,0.004017939325422049
259001,1.0,0.018611740320920944,0.018270764499902725,0.00034097692696377635,7.878732867538929e-05
260001,1.0,0.01995660737156868,0.020241498947143555,0.0002848904114216566,9.827275789575651e-05
261001,1.0,0.07362028956413269,0.07372655719518661,0.00010626916628098115,5.884442725800909e-05
262001,1.0,0.018366897478699684,0.018319938331842422,4.6960740291979164e-05,9.358116949442774e-05
263001,1.0,0.023362787440419197,0.023398209363222122,3.542267586453818e-05,6.65451298118569e-05
264001,1.0,0.017899040132761,0.01790393702685833,4.89771173306508e-06,7.418440509354696e-05
265001,1.0,0.019970672205090523,0.020050320774316788,7.964749966049567e-05,7.071535947034135e-05
266001,1.0,0.007034360896795988,0.0070220669731497765,1.2293829968257342e-05,0.00010049924458144233
267001,1.0,0.033384114503860474,0.03344247117638588,5.835613046656363e-05,7.993030158104375e-05
268001,1.0,0.04371556267142296,0.043815288692712784,9.972390398615971e-05,5.725438313675113e-05
269001,1.0,0.012536474503576756,0.012560942210257053,2.446811049594544e-05,6.984428910072893e-05
270001,1.0,0.03862171620130539,0.03864477574825287,2.3057036742102355e-05,6.565416697412729e-05
271001,0.9819819927215576,0.5871577262878418,0.5894871950149536,0.0023294638376682997,0.0028758596163243055
272001,1.0,0.011156614869832993,0.0111977094784379,4.1095114283962175e-05,7.541378727182746e-05
273001,1.0,0.017749391496181488,0.017748240381479263,1.1529964467626996e-06,7.206750160548836e-05
274001,1.0,0.01720496453344822,0.017224347218871117,1.9381812307983637e-05,7.220447150757536e-05
275001,1.0,0.013104679062962532,0.013116838410496712,1.2159589459770359e-05,7.453450962202623e-05
276001,1.0,0.009807595983147621,0.009827467612922192,1.987148789339699e-05,7.057619950501248e-05
277001,1.0,0.015042172744870186,0.015046486631035805,4.313435056246817e-06,4.2830037273233756e-05
278001,1.0,0.01269320398569107,0.012695894576609135,2.69065117208811e-06,7.866305531933904e-05
279001,1.0,0.01001142431050539,0.01001503225415945,3.608425913625979e-06,6.0210270021343604e-05
280001,0.9819819927215576,0.32478344440460205,0.32623419165611267,0.001450772862881422,0.003996995277702808
281001,1.0,0.009163039736449718,0.009165939874947071,2.9005384476477047e-06,7.002594065852463e-05
282001,1.0,0.005591983906924725,0.0056350925005972385,4.310909571358934e-05,6.487128121079877e-05
283001,1.0,0.028832320123910904,0.02884945087134838,1.713176243356429e-05,5.3702533477917314e-05
284001,1.0,0.019309349358081818,0.019282663241028786,2.6685265765991062e-05,7.778935832902789e-05
285001,1.0,0.05362958461046219,0.05366985872387886,4.027545946883038e-05,7.129998266464099e-05
286001,1.0,0.007793668191879988,0.007784311193972826,9.35688331082929e-06,5.5677730415482074e-05
287001,1.0,0.006946534384042025,0.006936924997717142,9.609144399291836e-06,5.3325384214986116e-05
288001,1.0,0.028759635984897614,0.02873511053621769,2.4525446860934608e-05,6.795466470066458e-05
289001,1.0,0.01845095306634903,0.018423767760396004,2.7185396902495995e-05,6.927219510544091e-05
290001,1.0,0.01977013237774372,0.019743571057915688,2.6560057449387386e-05,6.475325062638149e-05
291001,1.0,0.009879982098937035,0.009881009347736835,1.0274447959091049e-06,6.795248918933794e-05
292001,1.0,0.014058245345950127,0.014038801193237305,1.9444561985437758e-05,6.0466529248515144e-05
293001,1.0,0.007497659884393215,0.007498567458242178,9.07654623460985e-07,7.045267557259649e-05
294001,1.0,0.02202753536403179,0.0220448300242424,1.7292750271735713e-05,4.955215990776196e-05
295001,1.0,0.006308883428573608,0.006300766486674547,8.117081961245276e-06,6.035553815308958e-05
296001,1.0,0.0071083116345107555,0.007107567507773638,7.440885383402929e-07,6.330428732326254e-05
297001,1.0,0.055743176490068436,0.05549665912985802,0.00024651712737977505,5.121415961184539e-05
298001,1.0,0.006717515643686056,0.006724151317030191,6.635207228100626e-06,6.273867620620877e-05
299001,1.0,0.007186664268374443,0.007192057557404041,5.393464562075678e-06,4.312068995204754e-05
300001,1.0,0.007180809509009123,0.007192258723080158,1.1448531040514354e-05,5.824730033054948e-05
301001,1.0,0.012381837703287601,0.012382401153445244,5.633071964439296e-07,7.242737046908587e-05
302001,1.0,0.006770638283342123,0.006781596690416336,1.0958919119730126e-05,5.9448568208608776e-05
303001,1.0,0.028945565223693848,0.028971726074814796,2.6160128982155584e-05,6.56263146083802e-05
304001,1.0,0.009304582141339779,0.009315677918493748,1.109629465645412e-05,6.766426668036729e-05
305001,1.0,0.013726925477385521,0.01370151061564684,2.5415713025722653e-05,7.023631042102352e-05
306001,1.0,0.035866983234882355,0.035966839641332626,9.985589713323861e-05,6.088142981752753e-05
307001,1.0,0.008296205662190914,0.008297406136989594,1.2009861620754236e-06,4.872430145042017e-05
308001,1.0,0.031006935983896255,0.030973317101597786,3.36199373123236e-05,5.305968443281017e-05
309001,1.0,0.015001355670392513,0.015018901787698269,1.7545511582284234e-05,5.668690209859051e-05
310001,1.0,0.00882765930145979,0.008788097649812698,3.956093132728711e-05,4.8418649384984747e-05
311001,1.0,0.01949382573366165,0.019492849707603455,9.75357352217543e-07,5.228751979302615e-05
312001,1.0,0.0056958673521876335,0.005697236396372318,1.3692659877051483e-06,5.856768984813243e-05
313001,1.0,0.010867276228964329,0.010865014977753162,2.261480176457553e-06,5.3411709814099595e-05
314001,1.0,0.016435882076621056,0.0164402574300766,4.375986463855952e-06,6.324236164800823e-05
315001,1.0,0.008056005463004112,0.008062774315476418,6.769196261302568e-06,6.329100142465904e-05
316001,1.0,0.00723281130194664,0.007230860181152821,1.951792000909336e-06,5.246166620054282e-05
317001,1.0,0.007092684973031282,0.0070909191854298115,1.7658018123256625e-06,4.609885218087584e-05
318001,1.0,0.009696061722934246,0.009697848930954933,1.7872797570817056e-06,7.280620047822595e-05
319001,1.0,0.004677162505686283,0.004672599025070667,4.563172751659295e-06,5.260058605927043e-05
320001,1.0,0.01882016658782959,0.01883591152727604,1.5745721611892805e-05,7.088463462423533e-05
321001,1.0,0.006794629152864218,0.006794645916670561,1.678330185939103e-08,6.345853762468323e-05
322001,1.0,0.006529864389449358,0.006532938685268164,3.0745604817639105e-06,6.705910345772281e-05
323001,1.0,0.00723901204764843,0.007239536847919226,5.248772936283785e-07,6.361635314533487e-05
324001,1.0,0.03186563774943352,0.031865961849689484,3.210185752777761e-07,5.5563348723808303e-05
325001,1.0,0.0070930058136582375,0.0071044741198420525,1.1468709089967888e-05,6.394357478711754e-05
326001,1.0,0.026686424389481544,0.026650529354810715,3.589312473195605e-05,5.531496208277531e-05
327001,1.0,0.009042528457939625,0.009057248011231422,1.4720266335643828e-05,5.908164894208312e-05
328001,1.0,0.021902121603488922,0.021911200135946274,9.078015864361078e-06,6.12971416558139e-05
329001,1.0,0.0076265898533165455,0.007610425353050232,1.616445842955727e-05,4.153649206273258e-05
330001,1.0,0.021244976669549942,0.021261850371956825,1.6873011190909892e-05,4.8519948904868215e-05
331001,1.0,0.004339674953371286,0.004339537117630243,1.378817131580945e-07,5.427966607385315e-05
332001,1.0,0.026409948244690895,0.02643492817878723,2.4981765818665735e-05,6.50488946121186e-05
333001,1.0,0.019380686804652214,0.019365748390555382,1.4939504580979701e-05,5.331443389877677e-05
334001,1.0,0.019303711131215096,0.019292591139674187,1.111961501010228e-05,5.7928951719077304e-05
335001,1.0,0.004124273546040058,0.004125019069761038,7.452039199051796e-07,5.774316377937794e-05
336001,1.0,0.008937360718846321,0.008936542086303234,8.1839880294865e-07,5.414606857812032e-05
337001,1.0,0.02005847357213497,0.02009904943406582,4.057679689140059e-05,7.518719939980656e-05
338001,1.0,0.02743620239198208,0.027389349415898323,4.68533908133395e-05,5.141414294485003e-05
339001,1.0,0.020350927487015724,0.020346349105238914,4.5775082071486395e-06,5.8261462982045487e-05
340001,1.0,0.007767525501549244,0.00776459788903594,2.927101149907685e-06,5.57676721655298e-05
341001,1.0,0.012575392611324787,0.012570829130709171,4.56338057119865e-06,5.762984073953703e-05
342001,1.0,0.0158094372600317,0.015807587653398514,1.8521176343710977e-06,4.8237121518468484e-05
343001,1.0,0.009177058935165405,0.00917830877006054,1.2498743444666616e-06,4.688541230279952e-05
344001,1.0,0.010433241724967957,0.010453460738062859,2.021824366238434e-05,8.277334563899785e-05
345001,1.0,0.0174525398761034,0.017421897500753403,3.064089469262399e-05,6.517965084640309e-05
346001,1.0,0.029188349843025208,0.029135463759303093,5.28868222318124e-05,6.50495640002191e-05
347001,1.0,0.004776244051754475,0.004784970544278622,8.72633154358482e-06,7.395871944027022e-05
348001,1.0,0.04148179292678833,0.041480693966150284,1.0957899121422088e-06,6.26407636445947e-05
349001,1.0,0.054987430572509766,0.05499877780675888,1.1347236068104394e-05,6.147551175672561e-05
350001,1.0,0.03269501030445099,0.03270002454519272,5.0171597649750765e-06,5.67916504223831e-05
351001,1.0,0.006951873656362295,0.00694770272821188,4.170997272012755e-06,6.361320993164554e-05
352001,1.0,0.008388410322368145,0.00839303620159626,4.625737346941605e-06,5.5671436712145805e-05
353001,1.0,0.010225857608020306,0.010241014882922173,1.515710391686298e-05,5.5929023801581934e-05
354001,1.0,0.006435583345592022,0.006439791992306709,4.20884316554293e-06,5.0098347855964676e-05
355001,1.0,0.012464791536331177,0.0124564990401268,8.292769962281454e-06,6.52917951811105e-05
356001,1.0,0.022573431953787804,0.022575413808226585,1.9823737602564506e-06,6.281967944232747e-05
357001,1.0,0.035018440335989,0.03506568446755409,4.724247264675796e-05,6.27429544692859e-05
358001,1.0,0.021274521946907043,0.021272776648402214,1.7458843331041862e-06,7.026276580290869e-05
359001,1.0,0.0036838825326412916,0.003682170994579792,1.711525214886933e-06,4.9952679546549916e-05
360001,1.0,0.006153719034045935,0.0061568692326545715,3.1506124287261628e-06,6.468611536547542e-05
361001,1.0,0.02215982973575592,0.022108927369117737,5.0903916417155415e-05,6.320254760794342e-05
362001,1.0,0.005704332608729601,0.0056965891271829605,7.743552487227134e-06,6.435757677536458e-05
363001,0.9819819927215576,0.4957963824272156,0.4941492974758148,0.0016470984555780888,0.004007164854556322
364001,1.0,0.040137242525815964,0.03987642750144005,0.0002608128124848008,7.449419354088604e-05
365001,1.0,0.006891363300383091,0.006903650239109993,1.2286958735785447e-05,7.37761365598999e-05
366001,1.0,0.010681365616619587,0.01067696139216423,4.404257197165862e-06,7.267745240824297e-05
367001,1.0,0.04952201247215271,0.04948830232024193,3.371219281689264e-05,6.941509491298348e-05
368001,1.0,0.01130964607000351,0.011275004595518112,3.4641529055079445e-05,5.735059312428348e-05
369001,1.0,0.007473457138985395,0.0074559422209858894,1.7514774299343117e-05,5.323208461049944e-05
370001,1.0,0.007311775349080563,0.007325898390263319,1.4122948414296843e-05,9.526992653263733e-05
371001,1.0,0.03845502436161041,0.038532670587301254,7.764801557641476e-05,5.243601117399521e-05
372001,1.0,0.013562798500061035,0.01357907522469759,1.6275615053018555e-05,5.254597999737598e-05
373001,1.0,0.01345148216933012,0.01341705396771431,3.442819797783159e-05,6.346381269395351e-05
374001,1.0,0.006589606869965792,0.006589238531887531,3.68428032970769e-07,5.700319889001548e-05
375001,1.0,0.003718514461070299,0.003725487971678376,6.9733732743770815e-06,5.85058078286238e-05
376001,1.0,0.005332567263394594,0.0053420523181557655,9.48491560848197e-06,7.28700470062904e-05
377001,1.0,0.00504511222243309,0.005052220541983843,7.1081967689679004e-06,6.167968240333721e-05
378001,1.0,0.02840106189250946,0.028444461524486542,4.339923907537013e-05,4.900657222606242e-05
379001,1.0,0.004205205012112856,0.004202707204967737,2.4978128294605995e-06,6.702240352751687e-05
380001,1.0,0.006312051322311163,0.006313760299235582,1.709341631794814e-06,5.7829805882647634e-05
381001,1.0,0.00563122658059001,0.005626007914543152,5.218432761466829e-06,5.98285005253274e-05
382001,1.0,0.02706182934343815,0.027043728157877922,1.8101796740666032e-05,7.257084507727996e-05
383001,1.0,0.003925093449652195,0.003923261538147926,1.8316335399504169e-06,5.2334722568048164e-05
384001,1.0,0.005028239917010069,0.005016222596168518,1.2016896107525099e-05,5.736725506721996e-05
385001,1.0,0.005029324442148209,0.005033614579588175,4.290156084607588e-06,6.469584332080558e-05
386001,1.0,0.013037321157753468,0.013034646399319172,2.6751504265121184e-06,5.7551515055820346e-05
387001,1.0,0.028465980663895607,0.02847365289926529,7.670971172046848e-06,5.48698881175369e-05
388001,1.0,0.006450048182159662,0.006451527588069439,1.4794366052228725e-06,6.945099448785186e-05
389001,1.0,0.003964531701058149,0.003962968476116657,1.5630880625394639e-06,6.627713446505368e-05
390001,1.0,0.004239546600729227,0.004245033487677574,5.4868714869371615e-06,6.913976540090516e-05
391001,1.0,0.004338568076491356,0.004337335471063852,1.2329313676673337e-06,4.7615387302357703e-05
392001,1.0,0.004559079185128212,0.004560890607535839,1.8108380572812166e-06,5.647022771881893e-05
393001,1.0,0.005788580514490604,0.00579682644456625,8.245974640885834e-06,4.353700569481589e-05
394001,1.0,0.02275538071990013,0.022797180339694023,4.179968891548924e-05,7.091159204719588e-05
395001,1.0,0.0035648862831294537,0.003565438324585557,5.518132297765987e-07,4.954731048201211e-05
396001,1.0,0.004042221233248711,0.004042958840727806,7.375277846222161e-07,5.898045128560625e-05
397001,0.9819819927215576,0.5516898036003113,0.5505951642990112,0.001094645238481462,0.00389248039573431
398001,1.0,0.02112347073853016,0.02150060050189495,0.00037712851190008223,2.3844229872338474e-05
399001,1.0,0.020117996260523796,0.01998320035636425,0.00013479556946549565,7.341409218497574e-05
400001,1.0,0.02544144168496132,0.02579936943948269,0.000357929733581841,6.751572072971612e-05
401001,1.0,0.004687995184212923,0.004669754300266504,1.8240820281789638e-05,8.052923658397049e-05
402001,1.0,0.0059158653020858765,0.005908340215682983,7.524796728830552e-06,9.589824185241014e-05
403001,1.0,0.018244432285428047,0.01829546131193638,5.102762224851176e-05,6.500129529740661e-05
404001,1.0,0.012128973379731178,0.012088383547961712,4.05896280426532e-05,5.0837068556575105e-05
405001,1.0,0.044369444251060486,0.044480156153440475,0.00011071161861764267,3.543711136444472e-05
406001,1.0,0.03752594813704491,0.03781827166676521,0.0002923218999058008,1.6910356862354092e-05
407001,1.0,0.02803933434188366,0.028785547241568565,0.0007462131907232106,9.720914931676816e-06
408001,1.0,0.07136766612529755,0.07149799168109894,0.00013032552669756114,7.346655365836341e-06
409001,1.0,0.06317329406738281,0.06278402358293533,0.00038926777779124677,6.0110032791271806e-06
410001,1.0,0.04079480469226837,0.04057782515883446,0.00021698149794247001,5.646930276270723e-06
411001,1.0,0.14464940130710602,0.1448761373758316,0.0002267299423692748,6.096534889366012e-06
412001,1.0,0.04922279715538025,0.04933607205748558,0.00011327485117362812,6.332476459647296e-06
413001,1.0,0.3148272931575775,0.3134973347187042,0.0013299549464136362,1.320794672210468e-05
414001,1.0,0.055496927350759506,0.055740050971508026,0.00024312527966685593,6.945952009118628e-06
415001,1.0,0.049635712057352066,0.04977170377969742,0.00013599351223092526,5.245360625849571e-06
416001,1.0,0.0421607680618763,0.042137905955314636,2.2863834601594135e-05,5.444007456389954e-06
417001,1.0,0.1078595221042633,0.10809983313083649,0.00024030126223806292,5.862028501724126e-06
418001,1.0,0.04872720316052437,0.04868179187178612,4.5410397433442995e-05,4.532281764113577e-06
419001,1.0,0.03613939881324768,0.03613060340285301,8.794136192591395e-06,4.169811745668994e-06
420001,1.0,0.02006201446056366,0.020069273188710213,7.258395271492191e-06,3.7784393498441204e-06
421001,1.0,0.006764733232557774,0.006772697903215885,7.96467975305859e-06,4.634125161828706e-06
422001,1.0,0.09281716495752335,0.0929780974984169,0.00016092805890366435,4.774875378643628e-06
423001,1.0,0.004477768205106258,0.004480570554733276,2.802162953230436e-06,3.845339506369783e-06
424001,1.0,0.09893433749675751,0.09910866618156433,0.00017433006723877043,4.787604666489642e-06
425001,1.0,0.007283599581569433,0.00728534534573555,1.745155486787553e-06,4.391752554511186e-06
426001,1.0,0.03406623750925064,0.03404931724071503,1.6921860151342116e-05,4.7492681005678605e-06
427001,1.0,0.17703604698181152,0.17734244465827942,0.0003064134216401726,8.196784619940445e-06
428001,1.0,0.11421142518520355,0.11417149007320404,3.993997961515561e-05,5.966511707811151e-06
429001,1.0,0.07708638906478882,0.07707984000444412,6.547777047671843e-06,3.5326436318428023e-06
430001,1.0,0.03529943525791168,0.035336680710315704,3.724105408764444e-05,4.237788289174205e-06
431001,1.0,0.1119844987988472,0.11193224787712097,5.22560985700693e-05,4.815284228243399e-06
432001,1.0,0.05496411398053169,0.05497569590806961,1.1582616934902035e-05,3.929889771825401e-06
433001,1.0,0.027624666690826416,0.027627762407064438,3.0956659884395776e-06,2.607247324704076e-06
434001,1.0,0.06683871895074844,0.06687171757221222,3.300021489849314e-05,4.138848453294486e-06
435001,1.0,0.03520658239722252,0.035298049449920654,9.147050877800211e-05,4.448070285434369e-06
436001,1.0,0.011101805604994297,0.011105348356068134,3.543025286489865e-06,4.62735079054255e-06
437001,1.0,0.07285739481449127,0.0728176087141037,3.979148459620774e-05,4.431692104844842e-06
438001,0.9819819927215576,0.49692896008491516,0.4964580833911896,0.0004708675551228225,0.0038874235469847918
439001,1.0,0.024209070950746536,0.024272393435239792,6.332276097964495e-05,8.708477253094316e-05
440001,1.0,0.04126628115773201,0.041215088218450546,5.118934132042341e-05,2.0638874048017897e-05
441001,1.0,0.025620341300964355,0.0257399994879961,0.00011965706653427333,8.415088814217597e-06
442001,1.0,0.06762149930000305,0.06697117537260056,0.0006503218319267035,3.172730203004903e-06
443001,1.0,0.04289752617478371,0.0430256612598896,0.00012813408102374524,2.794496367641841e-06
444001,1.0,0.03327341005206108,0.0329585075378418,0.00031490292167291045,3.4903896448668092e-06
445001,1.0,0.0700511783361435,0.06979121267795563,0.00025996865588240325,3.0933651942177676e-06
446001,1.0,0.02703281305730343,0.026871195062994957,0.00016161767416633666,2.5559929781593382e-06
447001,1.0,0.01930728740990162,0.019472915679216385,0.0001656291715335101,2.4556686639698455e-06
448001,1.0,0.1206284686923027,0.12071482837200165,8.636767597636208e-05,2.2322292352328077e-06
449001,1.0,0.25820204615592957,0.2591952681541443,0.0009932273533195257,6.668582955171587e-06
450001,1.0,0.3209758996963501,0.319813072681427,0.0011628548381850123,2.8856991320935776e-06
451001,1.0,0.09850918501615524,0.0987662523984909,0.00025707410532049835,1.8683364260141389e-06
452001,1.0,0.1523006558418274,0.15261171758174896,0.00031104503432288766,2.932566076196963e-06
453001,1.0,0.1065245047211647,0.10637986660003662,0.00014464191917795688,2.1349724192987196e-06
454001,1.0,0.19473335146903992,0.19490981101989746,0.00017643463797867298,1.5474361134693027e-06
455001,1.0,0.14334185421466827,0.1435687094926834,0.00022686288866680115,1.7027196008712053e-06
456001,1.0,0.05328105762600899,0.05323951691389084,4.1540333768352866e-05,1.477643195357814e-06
457001,1.0,0.08034131675958633,0.08048323541879654,0.00014191823720466346,1.9689477994688787e-06
458001,1.0,0.13314495980739594,0.13329067826271057,0.00014572826330550015,1.659059307712596e-06
459001,1.0,0.06568776816129684,0.06561998277902603,6.777920498279855e-05,1.5064713352330728e-06
460001,1.0,0.24190397560596466,0.24172192811965942,0.0001820496836444363,1.6220292309299111e-06
461001,1.0,0.053895119577646255,0.05388485640287399,1.026463542075362e-05,1.3058880767857772e-06
462001,1.0,0.05927249789237976,0.05936673283576965,9.423456504009664e-05,1.9864891953602637e-07
463001,1.0,0.07723356038331985,0.07724669575691223,1.3135767403582577e-05,4.7379012357851025e-07
464001,1.0,0.21994972229003906,0.21971102058887482,0.00023868198331911117,7.755350850402465e-08
465001,1.0,0.05421600118279457,0.05426126718521118,4.526175689534284e-05,7.515404121249958e-08
466001,1.0,0.044378623366355896,0.044390857219696045,1.2232281733304262e-05,8.234144388552522e-08
467001,1.0,0.03753717988729477,0.03758856654167175,5.139131098985672e-05,7.152215175665333e-08
468001,1.0,0.017730314284563065,0.017745118588209152,1.4804215425101575e-05,9.010501855755138e-08
469001,1.0,0.0853710025548935,0.08559996634721756,0.00022896526206750423,1.514166996230415e-07
470001,1.0,0.06460987031459808,0.06455759704113007,5.2280920499470085e-05,6.167895350017716e-08
471001,1.0,0.07913126796483994,0.07913638651371002,5.117864930070937e-06,5.4908984026269536e-08
472001,1.0,0.08357248455286026,0.08387301862239838,0.0003005391627084464,6.442154187880078e-08
473001,1.0,0.22428369522094727,0.22403942048549652,0.00024428643519058824,2.2835190520709148e-06
474001,1.0,0.229179248213768,0.229201078414917,2.1822013877681457e-05,6.005134167708093e-08
475001,1.0,0.027018776163458824,0.02697344683110714,4.532901584752835e-05,3.5177567525579434e-08
476001,1.0,0.05884115397930145,0.05889815464615822,5.699750181520358e-05,3.345788712749709e-08
477001,1.0,0.060111381113529205,0.06008755788207054,2.3822432922315784e-05,7.455084727325811e-08
478001,1.0,0.07877759635448456,0.07872346043586731,5.4129526688484475e-05,2.7862908424935995e-08
479001,1.0,0.013668389990925789,0.013674123212695122,5.734271780966083e-06,1.378962934950323e-07
480001,1.0,0.10859512537717819,0.10875936597585678,0.00016423914348706603,1.645028078200994e-07
481001,1.0,0.06680595129728317,0.06691142171621323,0.00010546011617407203,1.871085544280504e-07
482001,1.0,0.07507433742284775,0.07519114017486572,0.00011680989700835198,1.3466625148339517e-07
483001,1.0,0.0560954250395298,0.056134868413209915,3.9444414142053574e-05,1.402626566004983e-07
484001,1.0,0.03512684255838394,0.03513973206281662,1.289024203288136e-05,8.363532089106229e-08
485001,0.9819819927215576,0.41663482785224915,0.4287453591823578,0.012110521085560322,0.0013668786268681288
486001,1.0,0.21719013154506683,0.21965889632701874,0.002468755468726158,1.1514924153743777e-05
487001,1.0,0.1533919870853424,0.15133507549762726,0.002056919503957033,5.975659405521583e-06
488001,1.0,0.1735277771949768,0.17118404805660248,0.002343724248930812,1.8123968175132177e-06
489001,1.0,0.2271312177181244,0.2262687087059021,0.000862503657117486,2.314616040166584e-06
490001,1.0,0.24059069156646729,0.24075406789779663,0.00016339255671482533,1.9359501948201796e-06
491001,1.0,0.10254828631877899,0.10042240470647812,0.0021258823107928038,1.602884367457591e-06
492001,1.0,0.056627482175827026,0.05629151687026024,0.00033596972934901714,8.587150546190969e-07
493001,1.0,0.02715287357568741,0.02706832066178322,8.455369243165478e-05,5.381155574468721e-07
494001,1.0,0.027940837666392326,0.027852842584252357,8.799525676295161e-05,4.467746919090132e-07
495001,1.0,0.086131252348423,0.08633621782064438,0.00020496432262007147,3.8647181099804584e-07
496001,1.0,0.07847733795642853,0.0784619003534317,1.5440014976775274e-05,4.3111484160363034e-07
497001,1.0,0.043512340635061264,0.0436750203371048,0.00016268652689177543,1.343931330666237e-07
498001,1.0,0.1219339370727539,0.12176208943128586,0.00017184180615004152,2.0425089530817786e-07
499001,1.0,0.12267499417066574,0.12236980348825455,0.0003051922540180385,3.1649398124500294e-07
500001,1.0,0.041653554886579514,0.04177718982100487,0.00012363484711386263,7.155949077741752e-08
501001,1.0,0.07283268868923187,0.07279761135578156,3.507283327053301e-05,2.6224401494800986e-07
502001,1.0,0.08041755855083466,0.08062240481376648,0.00020484736887738109,3.620045063712496e-08
503001,1.0,0.04422958940267563,0.044070709496736526,0.00015888313646428287,2.6634245031686987e-08
504001,1.0,0.46617549657821655,0.467754989862442,0.0015795190120115876,1.0345212331230869e-06
505001,1.0,0.028362395241856575,0.028362957760691643,5.626638994726818e-07,2.606491555923185e-08
506001,1.0,0.010362311266362667,0.010369905270636082,7.594351245643338e-06,1.3384656938342232e-07
507001,1.0,0.05789109319448471,0.05795132368803024,6.023347668815404e-05,4.0513597809876956e-08
508001,1.0,0.0328536294400692,0.03284880891442299,4.82135828860919e-06,8.34857072362638e-09
509001,1.0,0.04679160565137863,0.04681450128555298,2.2899894247530028e-05,1.2128247739440212e-08
510001,1.0,0.034676242619752884,0.034679118543863297,2.875928885259782e-06,1.4375715728931482e-08
511001,1.0,0.030372602865099907,0.030390288680791855,1.768516631273087e-05,1.0216516521666108e-08
512001,1.0,0.050741441547870636,0.05072645843029022,1.4976555576140527e-05,6.472872016161091e-09
513001,1.0,0.05288531631231308,0.05285224691033363,3.3066244213841856e-05,2.3941895577195282e-08
514001,1.0,0.033509399741888046,0.03351627662777901,6.875334292999469e-06,8.176365895451454e-07
515001,1.0,0.0906885638833046,0.09061221778392792,7.634193752892315e-05,1.9562045849852439e-07
516001,0.9819819927215576,0.61845463514328,0.6139895915985107,0.004464993719011545,0.0038540430832654238
517001,1.0,0.007485704030841589,0.007446524687111378,3.917910362360999e-05,5.312337088980712e-05
518001,1.0,0.03328792378306389,0.03325212746858597,3.579651456675492e-05,1.7070435205823742e-05
519001,1.0,0.008238603360950947,0.008221837691962719,1.676680039963685e-05,8.737569260119926e-06
520001,1.0,0.013494336046278477,0.013988415710628033,0.0004940805956721306,6.495225989056053e-06
521001,1.0,0.03225294500589371,0.032467685639858246,0.000214742191019468,3.6483208987192484e-06
522001,1.0,0.032091718167066574,0.03225236013531685,0.0001606422010809183,2.240987669210881e-06
523001,1.0,0.03129040449857712,0.030256863683462143,0.0010335419792681932,2.6449060896993615e-06
524001,1.0,0.17813777923583984,0.17660629749298096,0.0015314850024878979,4.587426246871473e-06
525001,1.0,0.04769563674926758,0.04724419489502907,0.00045144202886149287,2.4967575882328674e-06
526001,1.0,0.05332307890057564,0.05253000184893608,0.0007930765277706087,9.141615464614006e-07
527001,1.0,0.020106958225369453,0.02007969655096531,2.7263586162007414e-05,1.0622424042594503e-06
528001,1.0,0.026262067258358,0.02675671875476837,0.0004946521366946399,8.927996759666712e-07
529001,1.0,0.03696023300290108,0.037245284765958786,0.0002850483579095453,6.071318807698844e-07
530001,1.0,0.07609029859304428,0.0767555758357048,0.0006652908632531762,3.4527360526226403e-07
531001,1.0,0.03799762949347496,0.03798273205757141,1.4898759218340274e-05,2.926169599959394e-07
532001,1.0,0.11012372374534607,0.11011993139982224,3.8030348150641657e-06,7.254893716890365e-07
533001,1.0,0.03897954151034355,0.03897315636277199,6.385647793649696e-06,1.6992140672300593e-07
534001,1.0,0.09759818017482758,0.09721967577934265,0.0003785094595514238,6.22407583250606e-08
535001,1.0,0.4682745635509491,0.4684806764125824,0.00020611453510355204,1.7645121488385485e-06
536001,1.0,0.10253694653511047,0.10244890302419662,8.805027027847245e-05,5.968662009081527e-08
537001,1.0,0.04490387812256813,0.044943667948246,3.9792052120901644e-05,3.1881871365158077e-08
538001,1.0,0.011297711171209812,0.011297926306724548,2.1490718893346639e-07,9.778446496966353e-09
539001,1.0,0.03121132031083107,0.031214971095323563,3.6504693525785115e-06,1.0081820711604905e-08
540001,1.0,0.4174129366874695,0.4171007573604584,0.0003122189955320209,1.70540488397819e-06
541001,1.0,0.2167300134897232,0.21671037375926971,1.9655501091619954e-05,5.246628376198714e-08
542001,1.0,0.0574088953435421,0.05739384889602661,1.5046810403873678e-05,5.652317724980094e-09
543001,1.0,0.5159383416175842,0.5161879658699036,0.00024962390307337046,1.4989481087468448e-06
544001,1.0,0.06537802517414093,0.06534688174724579,3.1150641007116064e-05,1.2756432354876779e-08
545001,1.0,0.3500589430332184,0.35026514530181885,0.00020620891882572323,4.626069767255103e-07
546001,1.0,0.7103305459022522,0.7139816880226135,0.0036511332727968693,2.506801138224546e-06
547001,1.0,0.4826665222644806,0.48301076889038086,0.0003442373126745224,1.137369167736324e-06
548001,1.0,0.21944473683834076,0.21924540400505066,0.00019933251314796507,1.659943649201523e-08
549001,1.0,0.24083329737186432,0.2408909946680069,5.77058490307536e-05,9.504343267963122e-08
550001,1.0,0.7502120137214661,0.7557988166809082,0.0055868239142000675,2.095469881169265e-06
551001,1.0,1.4236634969711304,1.4261531829833984,0.002489851787686348,2.754653905867599e-06
552001,1.0,0.3505728244781494,0.35093796253204346,0.00036513240775093436,4.6172526708687656e-06
553001,0.9819819927215576,0.3310000002384186,0.32392558455467224,0.007074402179569006,2.3709939341642894e-05
554001,0.9819819927215576,0.06816528737545013,0.06517695635557175,0.002988336607813835,0.0001260977442143485
555001,0.9639639854431152,0.771048903465271,0.6994325518608093,0.07161638885736465,0.010385612957179546
556001,0.9819819927215576,0.47092148661613464,0.473131000995636,0.002209505531936884,0.004274499136954546
557001,0.9639639854431152,1.0390620231628418,1.0326744318008423,0.006387529894709587,0.0068991356529295444
558001,1.0,0.3392544090747833,0.3496417999267578,0.010387405753135681,0.0002553147205617279
559001,1.0,0.5684736967086792,0.5456486940383911,0.022824984043836594,0.0008161080186255276
560001,1.0,0.7693207263946533,0.7931585311889648,0.02383771724998951,0.00018936951528303325
561001,1.0,0.61774742603302,0.5861985683441162,0.03154885396361351,9.632355795474723e-05
562001,1.0,0.33144888281822205,0.3295803368091583,0.001868541818112135,3.9001519326120615e-05
563001,1.0,0.6841110587120056,0.7076707482337952,0.02355969324707985,4.76965906273108e-05
564001,1.0,0.39726772904396057,0.40312546491622925,0.005857763811945915,2.26017818931723e-05
565001,1.0,0.14295896887779236,0.14502577483654022,0.0020668143406510353,1.78278951352695e-05
566001,1.0,0.06118333339691162,0.06118377298116684,4.4374269236868713e-07,1.7197971828863956e-05
567001,1.0,0.18084798753261566,0.1772492527961731,0.0035987449809908867,1.3840188330505043e-05
568001,1.0,0.3453056216239929,0.34354862570762634,0.0017569754272699356,8.765829079493415e-06
569001,1.0,0.469420462846756,0.466668963432312,0.00275147776119411,6.502066298708087e-06
570001,1.0,0.46943992376327515,0.4658240079879761,0.003615916008129716,6.435443992813816e-06
571001,1.0,0.31314411759376526,0.3115999698638916,0.0015441662399098277,5.709539891540771e-06
572001,1.0,0.09483398497104645,0.09533745795488358,0.0005034785717725754,1.639450033508183e-06
573001,1.0,0.41657957434654236,0.41744399070739746,0.000864447676576674,3.4090705867129145e-06
574001,1.0,0.19576497375965118,0.19614534080028534,0.0003803636063821614,7.393448981929396e-07
575001,1.0,0.17923946678638458,0.1796068549156189,0.0003673917381092906,1.270659595320467e-06
576001,1.0,0.23413322865962982,0.2346169352531433,0.0004836954176425934,6.273668304856983e-07
577001,1.0,0.24393942952156067,0.24423621594905853,0.00029681186424568295,1.7692957499093609e-06
578001,1.0,0.24022069573402405,0.2402796447277069,5.8956666180165485e-05,4.906352728539787e-07
579001,1.0,0.4296821057796478,0.43081238865852356,0.001130303367972374,3.479439385500882e-07
580001,1.0,0.2309579700231552,0.2309495210647583,8.431494279648177e-06,4.157993771514157e-07
581001,1.0,0.2388872355222702,0.2391362488269806,0.0002490123442839831,1.9053595678997226e-07
582001,1.0,0.10935822129249573,0.10929608345031738,6.213277083588764e-05,6.816311071133896e-08
583001,1.0,0.23163647949695587,0.2315661609172821,7.033001747913659e-05,1.0145518558601907e-07
584001,1.0,0.5262114405632019,0.5267574787139893,0.0005460480460897088,3.441734293119225e-07
585001,1.0,0.5469828844070435,0.5466404557228088,0.000342427782015875,8.943327998167661e-07
586001,1.0,0.4323841333389282,0.43213173747062683,0.0002524077717680484,1.2529210380307632e-07
587001,1.0,0.7671226263046265,0.7670745253562927,4.808221274288371e-05,1.550133532646214e-07
588001,1.0,0.44929879903793335,0.44933998584747314,4.119645745959133e-05,7.507110666438166e-08
589001,1.0,0.613674521446228,0.6147114634513855,0.0010369454976171255,6.702056793983502e-07
590001,1.0,0.8237727284431458,0.8239936232566833,0.00022101454669609666,6.827008292020764e-07
591001,1.0,0.6117857098579407,0.6120639443397522,0.00027822807896882296,2.3423811512657267e-07
592001,1.0,0.6209065914154053,0.621135413646698,0.00022889782849233598,2.5348745680275897e-07
593001,1.0,1.0548535585403442,1.054281234741211,0.0005722857313230634,7.841280194043065e-07
594001,1.0,0.48816174268722534,0.4881739020347595,1.2140076250943821e-05,2.046068857453065e-06
595001,1.0,0.4911407232284546,0.4913107454776764,0.0001700191351119429,2.6656123282009503e-06
596001,1.0,0.4073866307735443,0.4075356423854828,0.00014904554700478911,3.4352228794887196e-06
597001,1.0,0.4225945770740509,0.42303889989852905,0.00044429945410229266,3.0419250833801925e-06
598001,0.9819819927215576,0.06396040320396423,0.05926064774394035,0.004699751269072294,5.965612217551097e-05
599001,0.9639639854431152,0.1486518830060959,0.15069493651390076,0.0020430507138371468,0.0002944239822681993
600001,0.9279279708862305,1.0178743600845337,1.0730489492416382,0.0551745779812336,0.008893284946680069
601001,0.9459459781646729,0.4331683814525604,0.44294458627700806,0.009776181541383266,0.004164478275924921
602001,0.9639639854431152,0.886874794960022,0.9262170195579529,0.03934219479560852,0.00483301654458046
603001,0.9459459781646729,0.7147730588912964,0.6892595291137695,0.02551352046430111,0.011149706318974495
604001,0.9099099040031433,1.125874400138855,1.1955474615097046,0.06967302411794662,0.018511570990085602
605001,0.9459459781646729,0.9283081889152527,1.0006182193756104,0.07231003791093826,0.014644559472799301
606001,1.0,0.5139775276184082,0.48471540212631226,0.029262078925967216,0.0009571974514983594
607001,0.9819819927215576,0.9123073220252991,0.8946936726570129,0.01761370711028576,0.003702971851453185
608001,1.0,0.46412381529808044,0.4572220742702484,0.006901766173541546,0.000538124586455524
609001,1.0,1.0089248418807983,1.0028027296066284,0.006122104823589325,0.0005112509825266898
610001,1.0,0.4953708052635193,0.5220241546630859,0.026653382927179337,0.00015204826195258647
611001,1.0,0.19839702546596527,0.20638689398765564,0.007989856414496899,0.00015408394392579794
612001,1.0,0.037413761019706726,0.03744283691048622,2.9074553822283633e-05,0.00010846002260223031
613001,1.0,0.07866422832012177,0.07761096954345703,0.001053265412338078,0.00011042392725357786
614001,1.0,0.019746338948607445,0.019658468663692474,8.786891703493893e-05,0.00011492939665913582
615001,1.0,0.03313383087515831,0.03301466256380081,0.00011917161464225501,0.00012565219367388636
616001,1.0,0.04483480378985405,0.04555303975939751,0.0007182370754890144,0.0001358579465886578
617001,1.0,0.0848042294383049,0.08484277129173279,3.85378698410932e-05,0.00014195918629411608
618001,1.0,0.08300647139549255,0.08472437411546707,0.0017179030692204833,0.00015521878958679736
619001,1.0,0.24592071771621704,0.2488512545824051,0.0029305382631719112,0.00016209270688705146
620001,1.0,0.07610989362001419,0.07583695650100708,0.00027292812592349946,0.00015740971139166504
621001,1.0,0.20030269026756287,0.20106038451194763,0.0007576789939776063,0.00017164155724458396
622001,1.0,0.17672865092754364,0.17625750601291656,0.0004711535293608904,0.0001764397748047486
623001,1.0,0.14079804718494415,0.14034482836723328,0.00045322251389734447,0.00017519135144539177
624001,1.0,0.23255416750907898,0.2325497567653656,4.432587047631387e-06,0.00017696320719551295
625001,1.0,0.13185343146324158,0.1311091035604477,0.0007443323847837746,0.00018112099496647716
626001,1.0,0.182870015501976,0.1830921173095703,0.0002220875321654603,0.00017682512407191098
627001,1.0,0.16237829625606537,0.16279193758964539,0.0004136386851314455,0.00017280675820074975
628001,1.0,0.14044980704784393,0.13806477189064026,0.002385023981332779,0.00017086548905353993
629001,1.0,0.06560329347848892,0.06591788679361343,0.0003145941300317645,0.00016595581837464124
630001,1.0,0.06618398427963257,0.0663914903998375,0.00020750585827045143,0.00015941628953441978
631001,1.0,0.04537125304341316,0.045279160141944885,9.209052950609475e-05,0.0001552318426547572
632001,1.0,0.047701094299554825,0.047741908580064774,4.081714723724872e-05,0.00016286681056953967
633001,1.0,0.07666543126106262,0.07647217065095901,0.0001932619488798082,0.00016246846644207835
634001,1.0,0.01855790801346302,0.018597422167658806,3.9513175579486415e-05,0.0001590937317814678
635001,1.0,0.027537453919649124,0.02758030779659748,4.285392424208112e-05,0.00015442410949617624
636001,1.0,0.022470416501164436,0.0225430428981781,7.262677536346018e-05,0.00015372681082226336
637001,1.0,0.008542453870177269,0.008544716984033585,2.2628191800322384e-06,0.00015681958757340908
638001,1.0,0.02958870306611061,0.029590455815196037,1.7507107941128197e-06,0.00015801478002686054
639001,1.0,0.005874458234757185,0.005880187265574932,5.728834366891533e-06,0.00015739590162411332
640001,1.0,0.02595893107354641,0.025987744331359863,2.8813996323151514e-05,0.00016248766041826457
641001,1.0,0.05911005288362503,0.05898449569940567,0.00012555222201626748,0.0001645393786020577
642001,1.0,0.07443159818649292,0.0740552768111229,0.0003763154963962734,0.00015613297000527382
643001,0.9819819927215576,0.026769958436489105,0.026065971702337265,0.0007039876654744148,0.0003339697723276913
644001,1.0,0.034273553639650345,0.03412821516394615,0.00014534237561747432,0.0001664368755882606
645001,1.0,0.04592617228627205,0.04617629945278168,0.0002501268172636628,0.00015149438695516437
646001,1.0,0.0048069641925394535,0.004821750335395336,1.4785922758164816e-05,0.0001450865966035053
647001,1.0,0.07537691295146942,0.07482399046421051,0.0005529195186682045,0.00015567407535854727
648001,1.0,0.03187849000096321,0.03188084438443184,2.3522864012193168e-06,0.00015239889035001397
649001,1.0,0.02734140120446682,0.027322646230459213,1.8755152268568054e-05,0.0001543596008559689
650001,1.0,0.03674890473484993,0.03660873696208,0.00014016924251336604,0.00015524188347626477
651001,1.0,0.11228159070014954,0.1119915246963501,0.0002900603867601603,0.00015870116476435214
652001,0.9819819927215576,0.045262087136507034,0.04510671645402908,0.0001553733745822683,0.003963656723499298
653001,1.0,0.0376143753528595,0.03745410218834877,0.00016027521633077413,0.00018158950842916965
654001,1.0,0.04478197917342186,0.0446653813123703,0.00011659672600217164,0.0001809847162803635
655001,1.0,0.038226962089538574,0.03824828937649727,2.132580630131997e-05,0.00017817851039581
656001,1.0,0.15881890058517456,0.15872852504253387,9.03721374925226e-05,0.00017466851568315178
657001,1.0,0.021617330610752106,0.02156045474112034,5.68768591620028e-05,0.0001589624589541927
658001,1.0,0.03949106112122536,0.03944454714655876,4.6516383008565754e-05,0.00015379635442513973
659001,1.0,0.09214921295642853,0.09229893237352371,0.00014972327335271984,0.00015410420019179583
660001,1.0,0.07559280842542648,0.07569492608308792,0.00010212170309387147,0.00015478624845854938
661001,1.0,0.06644148379564285,0.06645563989877701,1.4163432751956861e-05,0.0001562973775435239
662001,1.0,0.010577268898487091,0.010560674592852592,1.659390727581922e-05,0.0001687885232968256
663001,1.0,0.01690262369811535,0.016897164285182953,5.4608249229204375e-06,0.00016812270041555166
664001,1.0,0.030673913657665253,0.030739646404981613,6.573222344741225e-05,0.00016957266780082136
665001,1.0,0.004278284963220358,0.0042918045073747635,1.3519703315978404e-05,0.0001715377438813448
666001,1.0,0.014801704324781895,0.014811504632234573,9.801495252759196e-06,0.00016521813813596964
667001,1.0,0.02837773971259594,0.028390472754836082,1.2734789379464928e-05,0.0001648160832701251
668001,1.0,0.004290791694074869,0.004289396107196808,1.3954743280919502e-06,0.0001571501634316519
669001,1.0,0.01610874943435192,0.016111748293042183,2.997733872689423e-06,0.0001640728150960058
670001,1.0,0.003622977063059807,0.003622234333306551,7.428987487401173e-07,0.00016073754522949457
671001,1.0,0.03706725314259529,0.03695589303970337,0.00011136107059428468,0.00016710994532331824
672001,1.0,0.013715364038944244,0.0137132927775383,2.071375092782546e-06,0.0001681345165707171
673001,1.0,0.013921946287155151,0.013913817703723907,8.128219633363187e-06,0.00016328186029568315
674001,1.0,0.046728238463401794,0.04673679545521736,8.555286513001192e-06,0.0001710034121060744
675001,1.0,0.004697508178651333,0.0046992115676403046,1.703639441075211e-06,0.0001679000270087272
676001,1.0,0.06065991148352623,0.060694023966789246,3.4112385037587956e-05,0.00016746693290770054
677001,1.0,0.024188829585909843,0.024198519065976143,9.690636034065392e-06,0.0001500432990724221
678001,1.0,0.037575844675302505,0.037729017436504364,0.00015317420184146613,0.00014321383787319064
679001,1.0,0.011366496793925762,0.011331602931022644,3.489483424345963e-05,0.00014892520266585052
680001,1.0,0.006939447019249201,0.006953613832592964,1.416673057974549e-05,0.0001555177295813337
681001,1.0,0.02380339428782463,0.023825163021683693,2.1770694729639217e-05,0.00016619532834738493
682001,1.0,0.00483008474111557,0.004833501763641834,3.416823574298178e-06,0.00017084990395233035
683001,1.0,0.03197268396615982,0.03186773881316185,0.00010494470916455612,0.00016801315359771252
684001,1.0,0.016683775931596756,0.01670483872294426,2.106073770846706e-05,0.0001606079313205555
685001,1.0,0.0060604228638112545,0.00607627397403121,1.585137033544015e-05,0.0001578886731294915
686001,1.0,0.00392925413325429,0.003917803056538105,1.1450864803919103e-05,0.00016100112407002598
687001,1.0,0.07552304118871689,0.07540116459131241,0.0001218814286403358,0.00016394355043303221
688001,1.0,0.0033884127624332905,0.0033891224302351475,7.095461000972136e-07,0.00015755898493807763
689001,1.0,0.0066312262788414955,0.006633471697568893,2.245357336505549e-06,0.00015864992747083306
690001,1.0,0.07031144946813583,0.07021167129278183,9.976571891456842e-05,0.00016131697339005768
691001,1.0,0.012666549533605576,0.0126634631305933,3.085921889578458e-06,0.00016084208618849516
692001,1.0,0.03918670490384102,0.03929610550403595,0.00010939777712337673,0.00016460254846606404
693001,1.0,0.0024099566508084536,0.00241791270673275,7.95611322246259e-06,0.00016177973884623498
694001,1.0,0.006700880825519562,0.006698708515614271,2.1721102712035645e-06,0.00015994782734196633
695001,1.0,0.007430491037666798,0.007428557612001896,1.93386244973226e-06,0.0001686980831436813
696001,1.0,0.013914489187300205,0.013914939947426319,4.5057453235131106e-07,0.00015664336387999356
697001,1.0,0.003234337782487273,0.003233688184991479,6.498214588646078e-07,0.0001592389162397012
698001,1.0,0.0028039205353707075,0.0028019114397466183,2.00925933313556e-06,0.00014916274813003838
699001,1.0,0.0026046144776046276,0.0026059590745717287,1.3442830777421477e-06,0.00016476702876389027
700001,1.0,0.013497385196387768,0.0135031221434474,5.737342235079268e-06,0.00015940997400321066
701001,1.0,0.03527258336544037,0.03528345003724098,1.086599331756588e-05,0.00015071941015776247
702001,1.0,0.028245022520422935,0.028308678418397903,6.365625449689105e-05,0.00015122311015147716
703001,1.0,0.0022354312241077423,0.002236690605059266,1.259331838809885e-06,0.0001456082973163575
704001,1.0,0.034868963062763214,0.03485897555947304,9.986275472328998e-06,0.00014708157686982304
705001,1.0,0.0020114441867917776,0.002008008537814021,3.4357251479377737e-06,0.00014483094855677336
706001,1.0,0.01231356430798769,0.012294220738112926,1.934264764713589e-05,0.00015136090223677456
707001,1.0,0.012642120011150837,0.01264786534011364,5.745337148255203e-06,0.0001589769235579297
708001,1.0,0.03125912323594093,0.03127557784318924,1.645502561586909e-05,0.00015962460020091385
709001,1.0,0.002042270265519619,0.0020408988930284977,1.3714596889258246e-06,0.00014666870993096381
710001,1.0,0.0056287553161382675,0.005628668703138828,8.63169944409492e-08,0.0001629133039386943
711001,1.0,0.0021371988113969564,0.002134606009349227,2.5926365196937695e-06,0.00016162740939762443
712001,1.0,0.012998920865356922,0.012990092858672142,8.82664699020097e-06,0.00015980604803189635
713001,1.0,0.002111685462296009,0.0021114107221364975,2.7465105745250185e-07,0.0001571367756696418
714001,1.0,0.012274529784917831,0.012269657105207443,4.87231864099158e-06,0.00015970201638992876
715001,1.0,0.014870832674205303,0.014867180958390236,3.6515421015792526e-06,0.00016020041948650032
716001,1.0,0.00394415995106101,0.003946763463318348,2.6031245852209395e-06,0.0001702043809928
717001,1.0,0.010368378832936287,0.010369118303060532,7.402763344543928e-07,0.00017357022443320602
718001,1.0,0.0018866193713620305,0.0018827079329639673,3.91147796108271e-06,0.0001696155231911689
719001,1.0,0.0017677763244137168,0.0017673138063400984,4.6255129859673616e-07,0.00017239498265553266
720001,1.0,0.009597931057214737,0.009606496430933475,8.565378266212065e-06,0.00016137886268552393
721001,1.0,0.026279903948307037,0.026179205626249313,0.0001006957609206438,0.00015978055307641625
722001,1.0,0.013979610987007618,0.014015690423548222,3.607892358559184e-05,0.00016247645544353873
723001,1.0,0.002246647607535124,0.002245911629870534,7.360202403106086e-07,0.000167445105034858
724001,1.0,0.007558803539723158,0.007561876904219389,3.0733647236047545e-06,0.00016075656458269805
725001,1.0,0.021151352673768997,0.021139681339263916,1.167003301816294e-05,0.00015524608897976577
726001,1.0,0.0024885893799364567,0.0024904697202146053,1.8804365709002013e-06,0.0001494425378041342
727001,1.0,0.011755508370697498,0.011745220050215721,1.028724273055559e-05,0.00015118734154384583
728001,1.0,0.010452949441969395,0.010460807010531425,7.858595381549094e-06,0.0001554291957290843
729001,1.0,0.002272265264764428,0.0022722273133695126,3.7935382835030396e-08,0.0001518463686807081
730001,1.0,0.006450878456234932,0.006447980646044016,2.8976671728742076e-06,0.00015242304652929306
731001,1.0,0.0022463365457952023,0.002247856231406331,1.5197980474113137e-06,0.0001530491135781631
732001,1.0,0.002269159071147442,0.0022717758547514677,2.6169466309511336e-06,0.00015055837866384536
733001,1.0,0.002277910942211747,0.0022765486501157284,1.3623837276099948e-06,0.00015509285731241107
734001,1.0,0.0020041593816131353,0.002003296511247754,8.627851002529496e-07,0.00015209247067105025
735001,1.0,0.009393766522407532,0.009395625442266464,1.8582931033961358e-06,0.00015438195259775966
736001,1.0,0.010160397738218307,0.010164218954741955,3.82119696951122e-06,0.0001521524100098759
737001,1.0,0.0022325776517391205,0.002230812096968293,1.7657132502790773e-06,0.00015666135004721582
738001,1.0,0.016018087044358253,0.016026077792048454,7.991625352588017e-06,0.00015640593483112752
739001,1.0,0.034488167613744736,0.03445639833807945,3.1767584005137905e-05,0.00015437517140526325
740001,1.0,0.06804841756820679,0.06819797307252884,0.0001495571486884728,0.00015617151802871376
741001,1.0,0.031514573842287064,0.031600985676050186,8.641256863484159e-05,0.00015589650138281286
742001,1.0,0.028025923296809196,0.027995409443974495,3.0513139790855348e-05,0.00015788001473993063
743001,1.0,0.006835233885794878,0.006834729574620724,5.042870725446846e-07,0.00014936711522750556
744001,1.0,0.0250950139015913,0.025052716955542564,4.229562182445079e-05,0.00015317482757382095
745001,1.0,0.006238057278096676,0.006241446826606989,3.389660832908703e-06,0.00015386514132842422
746001,1.0,0.0066885086707770824,0.006690320558845997,1.8113660189555958e-06,0.0001539566001156345
747001,1.0,0.0018998378654941916,0.0018992956029251218,5.420762363428366e-07,0.0001641500712139532
748001,1.0,0.006574632134288549,0.006573443301022053,1.1886677384609357e-06,0.0001669513585511595
749001,1.0,0.02833343669772148,0.028325429186224937,8.00652924226597e-06,0.00017346866661682725
750001,1.0,0.009924872778356075,0.009924151934683323,7.212638593045995e-07,0.00016072877042461187
751001,1.0,0.0024510652292519808,0.0024546694476157427,3.6046033073944272e-06,0.00017151997599285096
752001,1.0,0.0020006680861115456,0.0020015116315335035,8.433795528617338e-07,0.00016174186021089554
753001,1.0,0.03010900877416134,0.030083727091550827,2.5280196496169083e-05,0.000165929741342552
754001,1.0,0.009144462645053864,0.009146456606686115,1.9950307432736736e-06,0.0001640702539589256
755001,1.0,0.008872750215232372,0.008877863176167011,5.112974577059504e-06,0.00016049302939791232
756001,1.0,0.010387219488620758,0.010386686772108078,5.322244760463946e-07,0.00015740195522084832
757001,1.0,0.008448385633528233,0.00844243261963129,5.953152594884159e-06,0.00016320928989443928
758001,1.0,0.00439152866601944,0.004397253040224314,5.724489255953813e-06,0.0001653380022617057
759001,1.0,0.0018497684504836798,0.0018505282932892442,7.597961939609377e-07,0.00016218658129218966
760001,1.0,0.016009600833058357,0.015954792499542236,5.4809679568279535e-05,0.00016133105964399874
761001,1.0,0.0020568594336509705,0.0020610347855836153,4.175170943199191e-06,0.0001667779142735526
762001,1.0,0.005934118293225765,0.005933825857937336,2.9170587367843837e-07,0.00015905092004686594
763001,1.0,0.002171245636418462,0.0021735839545726776,2.3384525320579996e-06,0.00016159546794369817
764001,1.0,0.017033372074365616,0.01705547235906124,2.2099095076555386e-05,0.00015617803728673607
765001,1.0,0.02291121520102024,0.02290768176317215,3.533137942213216e-06,0.0001474310556659475
766001,1.0,0.03057822957634926,0.030574895441532135,3.3356882340740412e-06,0.0001502565573900938
767001,1.0,0.015013293363153934,0.015040290541946888,2.6997104214387946e-05,0.00015338904631789774
768001,1.0,0.02028772048652172,0.020275721326470375,1.199865437229164e-05,0.00015047744091134518
769001,0.9819819927215576,0.0387788750231266,0.03878352791070938,4.651442850445164e-06,0.003944098018109798
770001,1.0,0.0024232137948274612,0.002425676677376032,2.4627854600112187e-06,0.00019374019757378846
771001,1.0,0.019863447174429893,0.019877435639500618,1.398902077198727e-05,0.0001928124256664887
772001,1.0,0.0017511270707473159,0.0017533411737531424,2.2140468445286388e-06,0.00019078515470027924
773001,1.0,0.03085816279053688,0.030845316126942635,1.2846587196690962e-05,0.00017433248285669833
774001,1.0,0.011456910520792007,0.0114280479028821,2.8861262762802653e-05,0.00016955505998339504
775001,1.0,0.010109691880643368,0.010130337439477444,2.064440013782587e-05,0.00015705154510214925
776001,1.0,0.0027519678696990013,0.00275766896083951,5.701130248780828e-06,0.0001604686985956505
777001,1.0,0.006757238879799843,0.006727089174091816,3.0150393286021426e-05,0.00016036294982768595
778001,1.0,0.004813084844499826,0.004804360680282116,8.724199688003864e-06,0.00015813508071005344
779001,1.0,0.02059154398739338,0.020618101581931114,2.6557065211818554e-05,0.00015282428648788482
780001,1.0,0.00174292444717139,0.0017472089966759086,4.284661372366827e-06,0.00014563463628292084
781001,1.0,0.006807864643633366,0.006821314804255962,1.3450667211145628e-05,0.0001550194137962535
782001,1.0,0.005458530504256487,0.005460118874907494,1.5889011137915077e-06,0.00014259274757932872
783001,1.0,0.02271314710378647,0.022733494639396667,2.034908175119199e-05,0.0001438865583622828
784001,1.0,0.0027878922410309315,0.002800542861223221,1.2650525604840368e-05,0.00014193409879226238
785001,1.0,0.004658379592001438,0.004667484667152166,9.105052413360681e-06,0.00014475132047664374
786001,1.0,0.0018508003558963537,0.00185549003072083,4.689813977165613e-06,0.00014490087050944567
787001,1.0,0.014225584454834461,0.014211317524313927,1.4266985090216622e-05,0.0001396474108332768
788001,1.0,0.0043709902092814445,0.004382354207336903,1.1364286365278531e-05,0.0001463439257349819
789001,1.0,0.014752712100744247,0.01472777221351862,2.49414260906633e-05,0.00015673098096158355
790001,1.0,0.0028500957414507866,0.002851980272680521,1.8841913060896331e-06,0.00014667556388303638
791001,1.0,0.015040632337331772,0.015074514783918858,3.3882482966873795e-05,0.0001491988659836352
792001,1.0,0.012713802978396416,0.012722562998533249,8.759319825912826e-06,0.00015417824033647776
793001,1.0,0.0035782246850430965,0.0035814878065139055,3.263500047978596e-06,0.00014966294111218303
794001,1.0,0.004404660314321518,0.004401716403663158,2.9438019737426657e-06,0.0001410187833243981
795001,1.0,0.0023640559520572424,0.0023660024162381887,1.9462047475826694e-06,0.00015204327064566314
796001,1.0,0.00830065831542015,0.008296209387481213,4.449423613550607e-06,0.00015230380813591182
797001,1.0,0.0016055797459557652,0.001603569369763136,2.0104121176700573e-06,0.00015381682896986604
798001,1.0,0.00809863768517971,0.008101379498839378,2.7416817829362117e-06,0.0001540902303531766
799001,1.0,0.02348894439637661,0.023495197296142578,6.251315426197834e-06,0.00015617735334672034
800001,1.0,0.0020608853083103895,0.0020630061626434326,2.120820226991782e-06,0.0001475731551181525
801001,1.0,0.005187785718590021,0.005196351557970047,8.56630413181847e-06,0.00014277611626312137
802001,1.0,0.007538469973951578,0.007533064112067223,5.40565406481619e-06,0.0001434389123460278
803001,1.0,0.020802587270736694,0.02080039121210575,2.1961088805255713e-06,0.0001346011704299599
804001,1.0,0.006980950944125652,0.006982855498790741,1.904386635942501e-06,0.00014177747652865946
805001,1.0,0.03149322047829628,0.031461115926504135,3.210635622963309e-05,0.00013900772319175303
806001,1.0,0.03165426105260849,0.0316467247903347,7.536700195487356e-06,0.00013841390318702906
807001,1.0,0.03113546036183834,0.031209653243422508,7.419402390951291e-05,0.00014936464140191674
808001,1.0,0.003959457390010357,0.003960018046200275,5.607357138615043e-07,0.00014841688971500844
809001,1.0,0.006953167263418436,0.006947612855583429,5.55443148186896e-06,0.00015507095667999238
810001,1.0,0.03003956936299801,0.029980065301060677,5.950692866463214e-05,0.00015540304593741894
811001,1.0,0.007216077297925949,0.007217532955110073,1.4560692989107338e-06,0.00015667056140955538
812001,1.0,0.013518943451344967,0.0135142020881176,4.740926215163199e-06,0.00015623364015482366
813001,1.0,0.014923516660928726,0.014913981780409813,9.53496783040464e-06,0.00015675420581828803
814001,1.0,0.001803638064302504,0.001803401275537908,2.367307132544738e-07,0.00015588018868584186
815001,1.0,0.039992328733205795,0.040057722479104996,6.539745663758367e-05,0.00016909564146772027
816001,1.0,0.010461537167429924,0.01046660728752613,5.069551662018057e-06,0.00016017025336623192
817001,1.0,0.004405539948493242,0.004401948302984238,3.59159025720146e-06,0.00015300558879971504
818001,1.0,0.007638291455805302,0.007629635278135538,8.65595484356163e-06,0.00015436306421179324
819001,1.0,0.0034850463271141052,0.0034915211144834757,6.4749115153972525e-06,0.00014751711569260806
820001,1.0,0.010499835014343262,0.010497041046619415,2.794177817122545e-06,0.00014980632113292813
821001,1.0,0.0017229479271918535,0.001724511617794633,1.563674004501081e-06,0.00016022427007555962
822001,1.0,0.033134907484054565,0.0332147479057312,7.983928662724793e-05,0.00015659206837881356
823001,1.0,0.006799314171075821,0.006801110226660967,1.7963058098757756e-06,0.00015343420091085136
824001,1.0,0.0037795479875057936,0.0037761207204312086,3.427298906899523e-06,0.0001536074560135603
825001,1.0,0.007802005857229233,0.007791414391249418,1.0591414138616528e-05,0.00014687371731270105
826001,1.0,0.0018125578062608838,0.001814320683479309,1.7628565274208086e-06,0.00013992089952807873
827001,1.0,0.0024956981651484966,0.002490738872438669,4.959289526595967e-06,0.0001435451558791101
828001,1.0,0.00767768919467926,0.007683371659368277,5.6822791520971805e-06,0.00014540916890837252
829001,1.0,0.06740685552358627,0.06756089627742767,0.0001540476514492184,0.00014518281386699528
830001,1.0,0.002108113607391715,0.0021105881314724684,2.4746568669797853e-06,0.0001443684595869854
831001,1.0,0.03072086162865162,0.03074454702436924,2.3686870918027125e-05,0.00014130762428976595
832001,1.0,0.002355318982154131,0.0023585972376167774,3.278205440437887e-06,0.00013382952602114528
833001,1.0,0.010591419413685799,0.010570047423243523,2.1372188712120987e-05,0.0001394217397319153
834001,1.0,0.0017798864282667637,0.0017801037756726146,2.1740744671205903e-07,0.00013490351557265967
835001,1.0,0.0017128897598013282,0.0017139993142336607,1.1096859680037596e-06,0.00013758052955381572
836001,1.0,0.011773369275033474,0.011778635904192924,5.266258085612208e-06,0.00013666915765497833
837001,1.0,0.0015780561370775104,0.0015791538171470165,1.0977943247780786e-06,0.00013384483463596553
838001,1.0,0.0019194675842300057,0.0019205267308279872,1.0590892998152412e-06,0.00013754826795775443
839001,1.0,0.002165905898436904,0.0021658646874129772,4.1173350950884924e-08,0.00014240553718991578
840001,1.0,0.0013784877955913544,0.0013790890807285905,6.012822950651753e-07,0.00014607925550080836
841001,1.0,0.007988485507667065,0.007987680844962597,8.045435606618412e-07,0.00013756648695562035
842001,1.0,0.025684330612421036,0.025701140984892845,1.6811885870993137e-05,0.00012951013923157007
843001,1.0,0.007933108136057854,0.007941599003970623,8.490927029924933e-06,0.00013873516581952572
844001,1.0,0.007011397276073694,0.006994431838393211,1.696564504527487e-05,0.000130748565425165
845001,1.0,0.0021289631258696318,0.002127513289451599,1.4501052874038578e-06,0.000136184724397026
846001,1.0,0.003486867994070053,0.0034853892866522074,1.4785586017751484e-06,0.00013750353537034243
847001,1.0,0.019033100455999374,0.019054684787988663,2.15867785300361e-05,0.0001458611513953656
848001,1.0,0.0012651188299059868,0.0012638545595109463,1.2642802857953939e-06,0.0001489220594521612
849001,1.0,0.002276453422382474,0.002270391909405589,6.061484782549087e-06,0.0001467690890422091
850001,1.0,0.0071328431367874146,0.007125125732272863,7.717627340753097e-06,0.0001348129299003631
851001,1.0,0.005876483861356974,0.005859142169356346,1.734169745759573e-05,0.00014057943189982325
852001,1.0,0.009807255119085312,0.009778649546205997,2.8605096304090694e-05,0.0001424417714588344
853001,1.0,0.0032221197616308928,0.003222449915483594,3.303226492334943e-07,0.000133485475089401
854001,1.0,0.0016569888684898615,0.0016565603436902165,4.285155057459633e-07,0.0001368935190839693
855001,1.0,0.004339354578405619,0.004333988763391972,5.365595370676601e-06,0.0001367490622214973
856001,1.0,0.01577627658843994,0.01577812433242798,1.8475593606126495e-06,0.00013482608483172953
857001,1.0,0.018173636868596077,0.018204664811491966,3.1025901989778504e-05,0.00013421244511846453
858001,1.0,0.0013974843313917518,0.0013960247160866857,1.4595789252780378e-06,0.00013363087782636285
859001,1.0,0.004913624841719866,0.00492284307256341,9.217816113959998e-06,0.00014162388106342405
860001,1.0,0.021020274609327316,0.021035687997937202,1.541121309855953e-05,0.0001369720557704568
861001,1.0,0.003230977337807417,0.003237798111513257,6.820903308835113e-06,0.00013550225412473083
862001,1.0,0.002730835694819689,0.0027317716740071774,9.35794957968028e-07,0.00013533909805119038
863001,1.0,0.001966081792488694,0.0019649022724479437,1.1795037835327093e-06,0.0001405645307386294
864001,1.0,0.0013960988726466894,0.00139714649412781,1.047629439199227e-06,0.00014304992510005832
865001,1.0,0.002099029254168272,0.0020982709247618914,7.582117973470304e-07,0.00013832795957569033
866001,1.0,0.01670863665640354,0.01671004854142666,1.4127181202638894e-06,0.0001418582978658378
867001,1.0,0.0014076328370720148,0.0014077734667807817,1.4047012086848554e-07,0.00014123652363196015
868001,1.0,0.0018454499077051878,0.0018459541024640203,5.040807309342199e-07,0.0001329365186393261
869001,1.0,0.015831319615244865,0.015817632898688316,1.3685431440535467e-05,0.00014315469888970256
870001,1.0,0.00720125762745738,0.007207946386188269,6.688675057375804e-06,0.00013678947289008647
871001,1.0,0.005416881293058395,0.005413169506937265,3.7113704820512794e-06,0.00014010599988978356
872001,1.0,0.002347186440601945,0.002349258866161108,2.0724112346215406e-06,0.00014970499614719301
873001,1.0,0.009113026782870293,0.009103680960834026,9.346445040137041e-06,0.00014549763000104576
874001,1.0,0.0710921511054039,0.07088671624660492,0.00020543047867249697,0.00014855874178465456
875001,1.0,0.00946319755166769,0.009474493563175201,1.1296942830085754e-05,0.0001506110274931416
876001,0.9819819927215576,0.3749822974205017,0.3746757209300995,0.00030655256705358624,0.004002982284873724
877001,1.0,0.010468646883964539,0.010456312447786331,1.2335094652371481e-05,0.0001801488542696461
878001,1.0,0.0013176094507798553,0.0013220596592873335,4.450298092706362e-06,0.00018216751050204039
879001,1.0,0.00214392994530499,0.002147128339856863,3.198126250936184e-06,0.0001705971226328984
880001,1.0,0.02240336313843727,0.022434893995523453,3.153112993459217e-05,0.00016836221038829535
881001,1.0,0.004078797064721584,0.004084749612957239,5.95265055380878e-06,0.00015637085016351193
882001,1.0,0.03152647241950035,0.031480200588703156,4.627098314813338e-05,0.00014620827278122306
883001,1.0,0.01511131040751934,0.015149346552789211,3.803622894338332e-05,0.00014685447968076915
884001,1.0,0.008327802643179893,0.008301581256091595,2.6221247026114725e-05,0.00015596754383295774
885001,1.0,0.005973085295408964,0.005970309488475323,2.7757228053815197e-06,0.0001513391180196777
886001,1.0,0.03215847909450531,0.0321187898516655,3.969309909734875e-05,0.0001555096823722124
887001,1.0,0.03478493168950081,0.03485541418194771,7.048314000712708e-05,0.0001534277544124052
888001,1.0,0.0026665085460990667,0.002667111111804843,6.024760637046711e-07,0.00013957843475509435
889001,1.0,0.012370552867650986,0.012363509275019169,7.043962796160486e-06,0.00014956449740566313
890001,1.0,0.008860830217599869,0.008869449608027935,8.619233085482847e-06,0.0001468250120524317
891001,1.0,0.0011151122162118554,0.0011156128020957112,5.006274932384258e-07,0.0001332243555225432
892001,1.0,0.0013857634039595723,0.0013884888030588627,2.7253197458776413e-06,0.00014505178842227906
893001,1.0,0.004794456530362368,0.004800272174179554,5.815693384647602e-06,0.00013662991113960743
894001,1.0,0.006312912330031395,0.006313228979706764,3.167250213209627e-07,0.00013465902884490788
895001,1.0,0.008090813644230366,0.008095807395875454,4.994036771677202e-06,0.0001411749399267137
896001,1.0,0.01285291463136673,0.012843330390751362,9.583760402165353e-06,0.00013761836453340948
897001,1.0,0.0018448662012815475,0.0018441948341205716,6.712741651426768e-07,0.000134169080411084
898001,1.0,0.0021431425120681524,0.002145208418369293,2.065686658170307e-06,0.00013668561587110162
899001,1.0,0.0009577582241035998,0.0009578544413670897,9.616562124392658e-08,0.00013383377518039197
900001,1.0,0.026287343353033066,0.026292243972420692,4.900198291579727e-06,0.00013725418830290437
901001,1.0,0.006260171998292208,0.006259520072489977,6.516924031529925e-07,0.00014140823623165488
902001,1.0,0.019159765914082527,0.019152948632836342,6.816038876422681e-06,0.00013944265083409846
903001,1.0,0.0036133716348558664,0.003611540887504816,1.83063991698873e-06,0.00015071648522280157
904001,1.0,0.014918252825737,0.014919409528374672,1.1557898460523575e-06,0.0001457312610000372
905001,1.0,0.008405882865190506,0.008397376164793968,8.506733138347045e-06,0.00014657432620879263
906001,1.0,0.0018327332800254226,0.0018307141726836562,2.0190259419905487e-06,0.000154850582475774
907001,1.0,0.004528754390776157,0.004530877806246281,2.1235071017144946e-06,0.0001391388796037063
908001,1.0,0.030819149687886238,0.030851993709802628,3.2845196983544156e-05,0.00014289589307736605
909001,1.0,0.0014543953584507108,0.00145603041164577,1.635029661883891e-06,0.00014032221224624664
910001,1.0,0.004279114305973053,0.004272241611033678,6.871952791698277e-06,0.00014122470747679472
911001,1.0,0.007672121748328209,0.007664080243557692,8.041462024266366e-06,0.000148506645928137
912001,1.0,0.00597424479201436,0.005971525330096483,2.7198643692827318e-06,0.00014520251716021448
913001,1.0,0.002840241650119424,0.0028394211549311876,8.204630148611614e-07,0.00014299883332569152
914001,1.0,0.0017539289547130466,0.0017545577138662338,6.286720690695802e-07,0.00014770153211429715
915001,1.0,0.01747998036444187,0.01748339831829071,3.4165930173912784e-06,0.0001455019519198686
916001,1.0,0.0059703947044909,0.0059659844264388084,4.410283054312458e-06,0.0001380738103762269
917001,1.0,0.009872564114630222,0.009876959025859833,4.394486950332066e-06,0.00013575435150414705
918001,1.0,0.009871529415249825,0.009834610857069492,3.691946039907634e-05,0.00013459967158269137
919001,1.0,0.007965844124555588,0.007973005063831806,7.160580480558565e-06,0.00013695556845050305
920001,1.0,0.001354369567707181,0.0013544453540816903,7.580733552003949e-08,0.0001369161909678951
921001,1.0,0.002018538536503911,0.0020191308576613665,5.923473054281203e-07,0.00014945790462661535
922001,1.0,0.002815708052366972,0.0028165047988295555,7.965413146848732e-07,0.00014397433551494032
923001,1.0,0.01119222491979599,0.011176979169249535,1.5245161193888634e-05,0.0001324103504884988
924001,1.0,0.013727903366088867,0.01372611429542303,1.7896797999128466e-06,0.00013606697029899806
925001,1.0,0.010155237279832363,0.010163524188101292,8.285957846965175e-06,0.00013431858678814024
926001,1.0,0.005090405233204365,0.005095896311104298,5.490795501827961e-06,0.00012976216385141015
927001,1.0,0.003501369385048747,0.003502962179481983,1.592959051777143e-06,0.0001256855030078441
928001,1.0,0.003683751914650202,0.0036823349073529243,1.4168250572765828e-06,0.00013338078861124814
929001,1.0,0.0019240600522607565,0.0019241539994254708,9.396719491405747e-08,0.00013435352593660355
930001,0.9819819927215576,0.002926790853962302,0.0029273517429828644,5.606362378784979e-07,0.003813080955296755
931001,1.0,0.006223236210644245,0.006224741227924824,1.5047149872771115e-06,0.00016958583728410304
932001,1.0,0.007737268693745136,0.007700265850871801,3.700340312207118e-05,0.00016911333659663796
933001,1.0,0.005756799131631851,0.005750101990997791,6.697265234834049e-06,0.00016945369134191424
934001,1.0,0.012897034175693989,0.012882699258625507,1.4334443221741822e-05,0.00015752734907437116
935001,1.0,0.001638971851207316,0.001640678965486586,1.7069226032617735e-06,0.00015167618403211236
936001,1.0,0.010542544536292553,0.010520805604755878,2.1740006559411995e-05,0.00014870312588755041
937001,1.0,0.006425236351788044,0.006430894136428833,5.658048394252546e-06,0.0001469098642701283
938001,1.0,0.008493337780237198,0.008495652116835117,2.314565790584311e-06,0.00014807211118750274
939001,1.0,0.011156688444316387,0.0111292889341712,2.7399559257901274e-05,0.00014705065404996276
940001,1.0,0.015535123646259308,0.015544580295681953,9.456442057853565e-06,0.00014702018233947456
941001,1.0,0.023794356733560562,0.023748304694890976,4.605077629094012e-05,0.0001484469830757007
942001,1.0,0.023179417476058006,0.02318478748202324,5.369194241211517e-06,0.0001479302445659414
943001,1.0,0.009710662066936493,0.009712282568216324,1.6206969348786515e-06,0.0001458590995753184
944001,1.0,0.015676025301218033,0.015695441514253616,1.941675327543635e-05,0.00014425365952774882
945001,1.0,0.01784897968173027,0.0178537480533123,4.767467544297688e-06,0.00014198663120623678
946001,1.0,0.006763138342648745,0.006760026328265667,3.112104877800448e-06,0.00014458397345151752
947001,1.0,0.024551983922719955,0.024559704586863518,7.719398126937449e-06,0.0001450766430934891
948001,1.0,0.0038716483395546675,0.0038743477780371904,2.6993620849680156e-06,0.00013810880773235112
949001,1.0,0.00600452721118927,0.005998721346259117,5.805924047308508e-06,0.0001310901716351509
950001,1.0,0.0018995002610608935,0.0019037093734368682,4.209148755762726e-06,0.00013052529538981616
951001,1.0,0.020448794588446617,0.020475300028920174,2.6506229914957657e-05,0.00014359074702952057
952001,1.0,0.0060422224923968315,0.006046931259334087,4.708886990556493e-06,0.00013793856487609446
953001,1.0,0.007630561478435993,0.0076349335722625256,4.372221155790612e-06,0.00013977084017824382
954001,1.0,0.011849869042634964,0.011844738386571407,5.1309552873135544e-06,0.00014739202742930502
955001,1.0,0.008662854321300983,0.008676748722791672,1.3893303730583284e-05,0.0001421710621798411
956001,1.0,0.011779912747442722,0.011778052896261215,1.8606691583045176e-06,0.0001430767006240785
957001,1.0,0.006079838611185551,0.006083979737013578,4.141286808589939e-06,0.00015153751883190125
958001,1.0,0.035183135420084,0.03521217405796051,2.9041359084658325e-05,0.00013956546899862587
959001,1.0,0.011245963163673878,0.011234581470489502,1.138198422268033e-05,0.00012883765157312155
960001,1.0,0.026810672134160995,0.02689977176487446,8.909897587727755e-05,0.00013533947640098631
961001,1.0,0.011025836691260338,0.011035221628844738,9.385676094098017e-06,0.00013212648627813905
962001,1.0,0.005475160665810108,0.005477465223520994,2.3046550268190913e-06,0.00013349164510145783
963001,1.0,0.0032575710210949183,0.003255921183153987,1.6500547417308553e-06,0.0001326125639025122
964001,1.0,0.0033136007841676474,0.0033112443052232265,2.3566728941659676e-06,0.000138333227369003
965001,1.0,0.0016876660520210862,0.0016880452167242765,3.7911109984634095e-07,0.00013717624824494123
966001,1.0,0.008503966964781284,0.008497290313243866,6.676713383058086e-06,0.0001426212547812611
967001,1.0,0.005271222908049822,0.005269283428788185,1.939202320500044e-06,0.00014690920943394303
968001,1.0,0.0009210652788169682,0.0009202586370520294,8.066140821938461e-07,0.00014257809380069375
969001,1.0,0.0021815760992467403,0.0021810864564031363,4.898124643659685e-07,0.0001445349189452827
970001,1.0,0.02871953509747982,0.02869856357574463,2.0971705453121103e-05,0.00013796312850899994
971001,1.0,0.01208116952329874,0.012065797112882137,1.5373330825241283e-05,0.00013843068154528737
972001,1.0,0.015728529542684555,0.01571989431977272,8.63653258420527e-06,0.0001380151807097718
973001,1.0,0.009080090560019016,0.009090938605368137,1.0846713848877698e-05,0.00015003970474936068
974001,1.0,0.008089547045528889,0.008101480081677437,1.1933020687138196e-05,0.00014975329395383596
975001,1.0,0.0017294964054599404,0.0017259734449908137,3.5229609238740522e-06,0.00015302975953090936
976001,1.0,0.005621286109089851,0.005610585678368807,1.0700492566684261e-05,0.00015363206330221146
977001,1.0,0.00440832506865263,0.004423352424055338,1.502771283412585e-05,0.00014903234841767699
978001,1.0,0.01661037839949131,0.016583086922764778,2.7289903300697915e-05,0.00013872132694814354
979001,1.0,0.0027224617078900337,0.0027239383198320866,1.4765896594326477e-06,0.00014023861149325967
980001,1.0,0.02303381636738777,0.023033449426293373,3.679635369735479e-07,0.0001453036384191364
981001,1.0,0.0130357900634408,0.01301003247499466,2.5758659830898978e-05,0.00014603461022488773
982001,1.0,0.001800595666281879,0.001801702775992453,1.1072785355281667e-06,0.00015230098506435752
983001,1.0,0.008811074309051037,0.008806771598756313,4.301512035453925e-06,0.0001391820696881041
984001,1.0,0.01114393025636673,0.011151015758514404,7.0864357439859305e-06,0.0001360488386126235
985001,1.0,0.0026837694458663464,0.0026830187998712063,7.506112638111517e-07,0.00014612521044909954
986001,1.0,0.005252688657492399,0.0052505978383123875,2.09045538213104e-06,0.0001393383281538263
987001,1.0,0.031585775315761566,0.03157384321093559,1.1929788342968095e-05,0.00015134987188503146
988001,1.0,0.025932643562555313,0.025999978184700012,6.733369082212448e-05,0.0001490914000896737
989001,1.0,0.0015075396513566375,0.0015044427709653974,3.09688289235055e-06,0.00015083196922205389
990001,1.0,0.007601013872772455,0.007594285532832146,6.728299467795296e-06,0.0001510691799921915
991001,1.0,0.0021368435118347406,0.0021365340799093246,3.094221767696581e-07,0.00015210820129141212
992001,1.0,0.037990961223840714,0.03787219896912575,0.00011876459757331759,0.0001554312475491315
993001,1.0,0.032114092260599136,0.03207436203956604,3.972745253122412e-05,0.0001504908432252705
994001,1.0,0.004335325211286545,0.004340457729995251,5.132310889166547e-06,0.00016321860312018543
995001,1.0,0.008320167660713196,0.008320631459355354,4.6387171437345387e-07,0.00014517581439577043
996001,1.0,0.023365167900919914,0.0232968982309103,6.826937897130847e-05,0.0001428725809091702
997001,1.0,0.015146817080676556,0.015200283378362656,5.3466475947061554e-05,0.00014476643991656601
998001,1.0,0.016508450731635094,0.016501354053616524,7.0949308792478405e-06,0.0001498143537901342
999001,1.0,0.01452909130603075,0.014479330740869045,4.9760154070099816e-05,0.00014778405602555722
